character	SemRadical_Id_Cld	sem_trans	semN
的	53	0.124523808	7
是	31	0.082936034	44
在	10	0.070640661	67
了	150	0.124281826	3
有	32	0.104149626	9
個	124	0.103379738	134
我	25	0.088335775	12
不	145	0.142861069	12
這	126	0.091256417	70
就	16	0.041388236	2
他	124	0.096413611	134
也	149	0.094773695	7
人	124	0.087230085	134
都	129	0.081246413	46
與	189	0.082265332	6
說	80	0.10688699	80
而	65	0.013775046	3
中	146	0.03299773	2
為	39	0.067642819	64
要	195	0.083348994	4
對	15	0.084777426	11
你	124	0.098562095	134
和	9	0.081330741	224
之	148	0.094921742	8
以	124	0.091736574	134
會	168	0.168511562	9
來	124	0.096931313	134
及	7	0.095314948	9
很	24	0.079116158	21
將	15	0.099401316	11
那	129	0.067612235	46
種	59	0.061936328	32
大	161	0.068197383	18
著	191	0.054062909	88
能	122	0.066057655	75
到	131	0.067286315	45
她	13	0.094412905	59
年	21	0.063055781	5
並	145	0.138560914	12
但	124	0.084325338	134
還	126	0.078320237	70
時	31	0.074475022	44
所	26	0.076749975	6
好	13	0.071296073	59
最	168	0.163969699	9
等	185	0.0571241	54
又	7	0.081072878	9
各	9	0.066435814	224
地	10	0.057171151	67
去	160	0.004520501	2
可	9	0.064027829	224
或	25	0.084548768	12
後	24	0.077181854	21
得	24	0.097335998	21
看	55	0.095593773	41
做	124	0.098996337	134
把	127	0.06928758	221
從	24	0.110115078	21
每	169	0.032357874	5
於	123	0.05496523	8
由	51	0.055393027	21
被	140	0.050207472	33
多	12	0.111030277	6
才	127	0.057458113	221
更	168	0.144265923	9
下	145	0.090504296	12
已	165	0.048203148	4
次	34	0.090075411	13
者	187	0.074676086	4
裡	140	0.075989717	33
只	9	0.071123676	224
其	155	0.093329489	11
此	35	0.056824094	10
則	131	0.069991625	45
讓	80	0.093830589	80
再	156	0.037574898	4
卻	134	0.103756341	9
位	124	0.0717259	134
想	133	0.091634442	109
天	161	0.092171489	18
過	126	0.082242839	70
呢	9	0.112123635	224
前	131	0.064675198	45
用	180	0.066117226	4
小	163	0.175053925	4
它	162	0.066837477	42
內	154	0.214133219	4
新	29	0.069697068	7
家	162	0.055778425	42
使	124	0.086301242	134
全	154	0.207732439	4
該	80	0.06302173	80
像	124	0.077517378	134
一	145	0.103084718	12
本	33	0.058127476	136
如	13	0.062241037	59
跟	135	0.074904272	43
啊	9	0.124413289	224
事	150	0.146089553	3
向	9	0.058566845	224
當	51	0.063111668	21
給	128	0.062168432	91
因	9	0.059417344	224
應	133	0.061768927	109
至	70	0.097057241	4
項	103	0.099802259	32
高	224	0.066722335	3
外	12	0.109639333	6
比	170	1	1
沒	125	0.058040983	171
元	153	0.039295658	14
較	88	0.043990997	27
仍	124	0.062791072	134
太	161	0.091483964	18
名	9	0.050892943	224
便	124	0.070625696	134
正	35	0.069379363	10
吃	9	0.095746018	224
無	39	0.051858498	64
未	33	0.052501962	136
心	133	0.060570862	109
曾	168	0.095919342	9
嗎	9	0.110117099	224
們	124	0.058937669	134
先	153	0.056388361	14
些	151	0.076489691	7
間	196	0.054765749	23
另	9	0.059678428	224
即	134	0.080361981	9
歲	35	0.062787758	10
起	86	0.092253673	10
月	32	0.089091159	9
若	191	0.06160016	88
國	9	0.055466908	224
請	80	0.07476048	80
點	117	0.035676398	7
亦	152	0.07327746	8
真	55	0.063654086	41
走	86	0.120015784	10
問	9	0.098051605	224
講	80	0.105346296	80
常	20	0.063003592	21
分	131	0.053341987	45
受	7	0.092529956	9
見	78	0.087892695	9
愛	133	0.084570045	109
整	144	0.061884835	26
話	80	0.076261532	80
作	124	0.071368815	134
歷	35	0.075767757	10
聽	67	0.103095284	16
吧	9	0.105304318	224
且	145	0.123722678	12
場	10	0.065861632	67
呀	9	0.121203003	224
令	124	0.06266205	134
錢	96	0.065776269	79
加	3	0.038766008	20
叫	9	0.106490035	224
找	127	0.096624644	221
您	133	0.057458306	109
條	33	0.064226058	136
帶	20	0.074199145	21
半	5	0.070281222	11
處	192	0.057470571	6
件	124	0.071943066	134
非	198	0.129671055	3
言	80	0.070990978	80
誰	80	0.066434163	80
書	168	0.08819206	9
自	188	0.046757978	2
快	133	0.078566832	109
約	128	0.051128016	91
長	95	1	1
知	57	0.063690809	6
成	25	0.040768219	12
連	126	0.072113472	70
手	127	0.066090514	221
道	126	0.061188527	70
均	10	0.063248841	67
打	127	0.100348643	221
水	125	0.068345144	171
校	33	0.059674439	136
同	9	0.066050925	224
難	97	0.053597039	18
身	87	0.102539403	5
學	14	0.068455651	12
寫	162	0.069212143	42
買	84	0.104245593	45
經	128	0.052961132	91
依	124	0.072189288	134
啦	9	0.117282133	224
妳	13	0.094773395	59
出	220	0.051076808	5
嗯	9	0.10762078	224
路	135	0.056295157	43
日	31	0.065340775	44
頭	103	0.064370789	32
美	63	0.072035797	9
句	9	0.065203006	224
面	199	1	1
邊	126	0.053190325	70
段	45	0.050176357	8
極	33	0.055685825	136
老	187	0.078535568	4
隻	97	0.108564557	18
課	80	0.075077688	80
片	41	0.10443776	3
類	103	0.096716389	32
住	124	0.059429797	134
具	155	0.063788179	11
需	197	0.041560136	18
往	24	0.070209133	21
開	196	0.077666712	23
口	9	0.064360717	224
雖	97	0.055628521	18
台	9	0.054254249	224
花	191	0.056205205	88
坐	10	0.063560914	67
張	23	0.036313829	16
某	33	0.066213777	136
字	14	0.063181838	12
哪	9	0.102825027	224
山	18	0.093316655	17
塊	10	0.069400379	67
回	9	0.075617167	224
拿	127	0.120229027	221
放	144	0.077822177	26
套	161	0.071152826	18
車	88	0.082151111	27
近	126	0.080120191	70
少	163	0.156925082	4
海	125	0.066269853	171
早	31	0.072085033	44
死	36	0.063659564	10
久	148	0.091200866	8
座	132	0.071518249	24
皆	53	0.069764845	7
喝	9	0.078777392	224
站	60	0.096704521	8
僅	124	0.057776266	134
嘛	9	0.115817526	224
喔	9	0.110599626	224
行	194	0.045351624	6
談	80	0.102743408	80
夠	12	0.111276626	6
院	129	0.070945289	46
生	179	0.176638337	2
班	43	0.061687482	18
怕	133	0.079853696	109
敢	144	0.0622988	26
共	155	0.076643884	11
越	86	0.076845583	10
靠	198	0.138895624	3
別	131	0.060964051	45
據	127	0.051209084	221
遠	126	0.064693933	70
馬	108	0.058198276	25
除	129	0.058302496	46
玩	43	0.050336825	18
首	201	1	1
代	124	0.057657684	134
份	124	0.064332738	134
底	132	0.075175782	24
滿	125	0.054648833	171
畫	51	0.058491485	21
省	55	0.045486981	41
低	124	0.060745259	134
級	128	0.064375689	91
法	125	0.051162948	171
教	144	0.096298993	26
性	133	0.055717884	109
供	124	0.066218019	134
須	103	0.064189432	32
指	127	0.072068149	221
變	80	0.063724071	80
總	128	0.049783095	91
部	129	0.05567003	46
眼	55	0.061721471	41
女	13	0.06581804	59
聲	67	0.083476046	16
愈	133	0.058338016	109
門	196	0.045221563	23
笑	185	0.055937222	54
組	128	0.060977146	91
故	144	0.045267285	26
臉	122	0.083647105	75
剛	131	0.057481568	45
達	126	0.069186166	70
原	8	0.048596196	7
牠	138	0.064132876	13
度	132	0.046327579	24
稱	59	0.041772447	32
型	10	0.045804349	67
文	167	0.04078503	3
送	126	0.066380573	70
層	17	0.052616977	23
頗	103	0.048188739	32
旁	123	0.04623773	8
願	103	0.053930542	32
深	125	0.056157959	171
強	23	0.071119678	16
聯	67	0.044959198	16
穿	184	0.066906412	17
樹	33	0.059779721	136
期	32	0.092316383	9
哦	9	0.108432687	224
般	72	0.04358439	10
幫	20	0.058975602	21
茶	191	0.056903057	88
群	63	0.04161782	9
算	185	0.057617355	54
活	125	0.063092591	171
室	162	0.053713125	42
樣	33	0.051252111	136
白	53	0.066314968	7
尚	163	0.071192507	4
光	153	0.049929769	14
反	7	0.054040416	9
重	93	0.043987649	4
氣	172	0.062287136	7
讀	80	0.081486372	80
股	122	0.052554378	75
竟	60	0.065011153	8
初	140	0.047570461	33
步	35	0.065831803	10
既	44	1	1
進	126	0.071743003	70
述	126	0.05151781	70
倒	124	0.065698582	134
屆	17	0.061909123	23
詞	80	0.056277698	80
係	124	0.062711935	134
換	127	0.071770035	221
求	125	0.050312219	171
考	187	0.081601432	4
何	124	0.059334597	134
市	20	0.049815945	21
方	123	0.080277602	8
案	33	0.056683149	136
賣	84	0.096277585	45
信	124	0.052946707	134
按	127	0.064231057	221
批	127	0.045937358	221
佔	124	0.060061253	134
例	124	0.054950125	134
支	166	1	1
篇	185	0.058205368	54
舊	189	0.052167128	6
線	128	0.0576071	91
欲	34	0.050636711	13
提	127	0.087771986	221
待	24	0.06959997	21
差	19	0.058718416	6
替	168	0.11898151	9
屬	17	0.054354587	23
筆	185	0.057633715	54
選	126	0.068215826	70
黨	117	0.018683138	7
圖	9	0.051662011	224
番	51	0.054009711	21
辦	89	0.052098064	8
動	3	0.049023037	20
遭	126	0.054594424	70
紅	128	0.05967257	91
定	162	0.065926528	42
任	124	0.049181227	134
必	133	0.061130198	109
腳	122	0.06520916	75
報	10	0.055485714	67
根	33	0.063930425	136
管	185	0.066712995	54
男	51	0.057919509	21
懂	133	0.08385047	109
藉	191	0.055562367	88
採	127	0.058551449	221
詩	80	0.05883687	80
船	72	0.137829005	10
跑	135	0.087097584	43
週	126	0.059453776	70
酒	91	0.074114658	20
忙	133	0.075263062	109
倍	124	0.049442604	134
錯	96	0.05700227	79
牆	46	0.080626272	2
媽	13	0.081758391	59
設	80	0.061702668	80
病	141	0.094445244	31
乃	148	0.090151317	8
局	17	0.067124535	23
搞	127	0.075783308	221
念	133	0.067371157	109
顆	103	0.064210703	32
欸	34	0.077624176	13
唱	9	0.072582761	224
隊	129	0.071676939	46
風	104	0.082468241	6
相	55	0.056907079	41
赴	86	0.079870061	10
黑	117	0.022395834	7
獲	139	0.055924972	26
號	192	0.023818664	6
派	125	0.055481307	171
殺	45	0.075243828	8
北	4	0.070215154	3
魚	111	0.075104059	13
區	159	0.02859463	9
視	78	0.072164623	9
建	142	0.147699369	2
菜	191	0.056998547	88
樓	33	0.053298089	136
隨	129	0.039646848	46
實	162	0.055690138	42
夢	12	0.054825495	6
發	181	0.132242923	2
甚	71	0.085012427	3
歌	34	0.079356879	13
熱	39	0.070014883	64
苦	191	0.053994255	88
收	144	0.091345746	26
接	127	0.086788741	221
壞	10	0.052964867	67
睡	55	0.083326819	41
西	195	0.044969374	4
短	57	0.057360796	6
鳥	112	0.092270743	22
狗	139	0.069329723	26
答	185	0.070666177	54
留	51	0.042872714	21
波	125	0.051066753	171
跳	135	0.094025963	43
縣	128	0.05494408	91
神	136	0.071772375	21
朝	32	0.095789037	9
飛	200	1	1
入	154	0.100159786	4
拍	127	0.075900588	221
直	55	0.048622631	41
舉	189	0.054515884	6
系	128	0.062485984	91
量	93	0.050308612	4
島	18	0.058760158	17
離	97	0.044526531	18
似	124	0.055027184	134
取	7	0.031870993	9
盡	182	0.048173137	15
空	184	0.071750667	17
堆	10	0.071170504	67
照	39	0.045016819	64
易	31	0.051971129	44
城	10	0.080116719	67
東	33	0.041616334	136
表	140	0.047198566	33
改	144	0.085112776	26
橋	33	0.059411345	136
輕	88	0.063660651	27
街	194	0.040670419	6
哈	9	0.093025525	224
忘	133	0.058671052	109
望	32	0.068152604	9
廠	132	0.051816129	24
拉	127	0.109314279	221
哭	9	0.093391868	224
科	59	0.041921932	32
幅	20	0.06564483	21
背	122	0.054289905	75
蓋	191	0.054680936	88
陣	129	0.04665056	46
修	124	0.062279564	134
關	196	0.075454752	23
肯	122	0.049106847	75
雨	197	0.078220262	18
試	80	0.07761578	80
店	132	0.083786063	24
床	132	0.04820589	24
哇	9	0.102536847	224
亂	149	0.060255192	7
南	5	0.03751705	11
佳	124	0.050681231	134
搭	127	0.075831377	221
升	5	0.054215018	11
河	125	0.063097261	171
假	124	0.044363633	134
貴	84	0.074377533	45
球	43	0.052538776	18
停	124	0.054088037	134
輛	88	0.074681772	27
情	133	0.074974906	109
抓	127	0.086147489	221
雙	97	0.081774005	18
嘴	9	0.06127986	224
排	127	0.065898539	221
陪	129	0.061492611	46
抱	127	0.100192661	221
急	133	0.076875117	109
完	162	0.064893894	42
罵	186	0.066099047	13
團	9	0.052680447	224
子	14	0.03942784	12
票	136	0.063202003	21
致	70	0.113572175	4
蛇	75	0.075124249	38
飯	105	0.083458781	24
三	145	0.090279511	12
痛	141	0.09220956	31
註	80	0.06350582	80
爸	173	0.122173663	4
端	60	0.063711996	8
稍	59	0.049634925	32
右	9	0.046354664	224
轉	88	0.069086858	27
漲	125	0.051493469	171
杯	33	0.053385064	136
屋	17	0.068316523	23
含	9	0.054755676	224
戲	25	0.044164496	12
古	9	0.043493845	224
牛	138	0.068008057	13
持	127	0.056227228	221
臺	70	0.040354635	4
養	105	0.06152579	24
交	152	0.042627562	8
力	3	0.067403726	20
通	126	0.068879775	70
裝	140	0.051837047	33
冷	143	0.079922397	9
勝	3	0.05619524	20
戶	26	0.073704745	6
掛	127	0.098825836	221
樂	33	0.050401752	136
蠻	75	0.049689446	38
騎	108	0.068519471	25
左	19	0.046371453	6
二	151	0.120712291	7
頁	103	0.074025562	32
戰	25	0.062035334	12
物	138	0.037556389	13
洗	125	0.069507496	171
唉	9	0.094147966	224
缺	62	0.057236131	5
爭	40	0.057001933	5
戴	25	0.066304127	12
意	133	0.070761474	109
擺	127	0.084170008	221
桌	33	0.059446792	136
追	126	0.07349553	70
火	39	0.07028018	64
單	9	0.055426307	224
慢	133	0.065212145	109
沿	125	0.0555808	171
館	105	0.052937715	24
訂	80	0.071694948	80
藥	191	0.055714992	88
式	22	0.030746723	3
寬	162	0.043184094	42
晚	31	0.071533845	44
記	80	0.070698409	80
產	179	0.176638337	2
諸	80	0.050598676	80
合	9	0.05942364	224
棵	33	0.065069178	136
占	6	0.045816936	4
廣	132	0.048743987	24
賺	84	0.0859107	45
憑	133	0.0539119	109
遂	126	0.055691113	70
累	128	0.056484217	91
借	124	0.051837405	134
幹	21	0.092217216	5
五	151	0.098445109	7
境	10	0.064294999	67
命	9	0.055332317	224
村	33	0.062100102	136
害	162	0.054999528	42
包	158	0.060606563	6
救	144	0.062470644	26
耶	67	0.049289301	16
洞	125	0.054461022	171
頂	103	0.06148349	32
兼	155	0.062996201	11
業	33	0.057269881	136
嫌	13	0.048079337	59
盤	182	0.068082858	15
吹	9	0.064595964	224
封	15	0.048405685	11
架	33	0.054998059	136
唸	9	0.082296803	224
怪	133	0.070714082	109
凡	147	0.050564122	4
抽	127	0.077126967	221
窗	184	0.058994963	17
破	58	0.055402295	38
紙	128	0.054098725	91
刀	131	0.078877322	45
邀	126	0.0496319	70
呈	9	0.064525338	224
姓	13	0.064241199	59
房	26	0.066200641	6
喊	9	0.078495891	224
世	145	0.060093361	12
電	197	0.031351266	18
獎	139	0.06275903	26
肉	122	0.054397464	75
搶	127	0.095127751	221
演	125	0.0560263	171
許	80	0.054193666	80
止	35	0.080097588	10
特	138	0.068324881	13
帝	20	0.050037089	21
硬	58	0.073302898	38
棟	33	0.059127709	136
米	61	0.076966437	18
血	193	1	1
腿	122	0.062476664	75
訪	80	0.04715425	80
感	133	0.052057591	109
秒	59	0.05184094	32
節	185	0.049013376	54
鄉	129	0.05856737	46
理	43	0.041770635	18
流	125	0.06439567	171
遍	126	0.048735168	70
貨	84	0.071853792	45
金	96	0.060849597	79
立	60	0.084447257	8
綠	128	0.04930677	91
碗	58	0.068724992	38
網	128	0.050125567	91
癌	141	0.055283352	31
隔	129	0.054159766	46
治	125	0.053345776	171
略	51	0.050659887	21
色	74	0.259135259	2
予	150	0.024905088	3
款	34	0.070055307	13
虎	192	0.044052613	6
歸	35	0.039062707	10
富	162	0.044489974	42
趕	86	0.097984542	10
權	33	0.047618269	136
雞	97	0.072363773	18
副	131	0.053717953	45
傷	124	0.049892314	134
論	80	0.061748768	80
音	102	0.074437235	3
爬	40	0.048509754	5
貼	84	0.054564543	45
限	129	0.053690794	46
豬	122	0.048862721	75
漸	125	0.044298167	171
專	15	0.040216453	11
存	14	0.050555135	12
值	124	0.05360464	134
體	109	0.045654788	4
躺	87	0.152915784	5
油	125	0.052677985	171
弄	221	0.050329519	3
終	128	0.050604325	91
黃	209	1	1
坪	10	0.058276511	67
確	58	0.051433064	38
社	136	0.039525536	21
善	9	0.05161267	224
四	9	0.060008148	224
付	124	0.053626078	134
繼	128	0.050523227	91
謂	80	0.070130483	80
數	144	0.053958853	26
旅	123	0.039983894	8
純	128	0.046581154	91
掉	127	0.079958842	221
圓	9	0.049049611	224
末	33	0.048260042	136
躲	87	0.13510837	5
造	126	0.062505398	70
列	131	0.057209531	45
羊	63	0.071757295	9
居	17	0.073754815	23
觀	78	0.075141813	9
清	125	0.059194462	171
惟	133	0.049772289	109
香	225	1	1
燒	39	0.085378899	64
聞	67	0.065864438	16
禮	136	0.077795712	21
然	39	0.05384871	64
始	13	0.049443876	59
側	124	0.049407898	134
噸	9	0.052038921	224
毒	169	0.056370366	5
槍	33	0.060291681	136
斤	29	0.060961681	7
犯	139	0.044382429	26
刻	131	0.068200122	45
佛	124	0.055643582	134
傳	124	0.053147215	134
迄	126	0.05348066	70
負	84	0.053441865	45
草	191	0.06566098	88
宜	162	0.057315841	42
租	59	0.037205943	32
頓	103	0.056024928	32
領	103	0.059393481	32
章	60	0.040755953	8
暨	31	0.06317374	44
趟	86	0.111760557	10
機	33	0.051189983	136
英	191	0.051824203	88
瓶	49	0.045363722	5
廟	132	0.0709765	24
練	128	0.057273976	91
吵	9	0.084586768	224
解	79	0.068631994	4
版	41	0.123213995	3
載	88	0.06799735	27
湖	125	0.063832253	171
擬	127	0.049698279	221
碰	58	0.062457957	38
亮	152	0.055247908	8
免	153	0.060604596	14
圈	9	0.046402916	224
利	131	0.04668917	45
煮	39	0.073420113	64
登	181	0.132242923	2
逼	126	0.060964657	70
乘	148	0.049764231	8
插	127	0.078872808	221
守	162	0.05340967	42
翻	64	0.046058574	10
輸	88	0.062042735	27
煙	39	0.066584966	64
熊	39	0.042968178	64
勸	3	0.042590238	20
遇	126	0.065641946	70
趁	86	0.097000983	10
食	105	0.062870278	24
編	128	0.049399151	91
族	123	0.049705656	8
推	127	0.085935442	221
擠	127	0.076820119	221
雪	197	0.097044503	18
丟	145	0.063911234	12
艘	72	0.084493785	10
卡	6	0.04291271	4
土	10	0.055857399	67
寄	162	0.054740768	42
腰	122	0.070127256	75
田	51	0.077650468	21
防	129	0.051742657	46
覺	78	0.06223676	9
曰	168	0.039105243	9
貓	94	0.049706562	5
咬	9	0.061645554	224
題	103	0.0721568	32
嚇	9	0.067389103	224
順	103	0.057393475	32
喜	9	0.045852329	224
窮	184	0.073956681	17
配	91	0.042996261	20
語	80	0.063717978	80
德	24	0.062350527	21
摸	127	0.102045846	221
胃	122	0.056504998	75
絲	128	0.056915615	91
集	97	0.067658951	18
枚	33	0.065663524	136
親	78	0.060225438	9
跨	135	0.043913288	43
細	128	0.050217288	91
岸	18	0.070305413	17
針	96	0.056130032	79
燈	39	0.052906035	64
雲	197	0.065367208	18
葉	191	0.063144948	88
官	162	0.047793238	42
惡	133	0.068648444	109
響	102	0.037530051	3
棒	33	0.048231261	136
展	17	0.046852007	23
藍	191	0.058278075	88
龍	214	0.020561698	2
鬧	203	0.055165126	2
恨	133	0.084443015	109
挺	127	0.060562819	221
創	131	0.046516704	45
母	169	0.059065049	5
腦	122	0.057540755	75
挖	127	0.075520875	221
角	79	0.019751759	4
賞	84	0.045629297	45
景	31	0.051867421	44
幢	20	0.057902863	21
剩	131	0.062615599	45
舞	190	1	1
贏	84	0.066829247	45
化	4	0.018495985	3
駐	108	0.043488339	25
猜	139	0.057534838	26
招	127	0.04804829	221
藏	191	0.057153896	88
檔	33	0.043840436	136
騙	108	0.058904755	25
拜	127	0.050968471	221
眾	55	0.059697594	41
偏	124	0.050385919	134
拖	127	0.078683359	221
劍	131	0.070916034	45
師	20	0.057935607	21
踏	135	0.091656908	43
吸	9	0.069031065	224
餓	105	0.082938863	24
逢	126	0.066446471	70
增	10	0.049468025	67
壓	10	0.060258874	67
毛	37	0.131869738	2
捕	127	0.050340635	221
江	125	0.064129508	171
園	9	0.049858753	224
瞧	55	0.113486044	41
乾	149	0.065701854	7
計	80	0.05646541	80
退	126	0.070838555	70
哎	9	0.085627213	224
準	125	0.051550755	171
遊	126	0.053224088	70
現	43	0.041437487	18
明	31	0.047072861	44
弱	23	0.06807793	16
落	191	0.049879344	88
彈	23	0.053510641	16
挑	127	0.071180297	221
皮	54	0.051511316	3
鎮	96	0.044807353	79
獨	139	0.048281535	26
投	127	0.053624099	221
鬼	110	0.075209834	5
胸	122	0.072852706	75
耳	67	0.088734639	16
斷	29	0.070559442	7
港	125	0.054484123	171
星	31	0.066571979	44
混	125	0.05614874	171
妻	13	0.073240135	59
引	23	0.066716536	16
游	125	0.055633326	171
質	84	0.045988858	45
猛	139	0.051773134	26
補	140	0.036882042	33
唯	9	0.047132866	224
刊	131	0.057585835	45
尋	15	0.046091247	11
胖	122	0.064686416	75
偷	124	0.050919271	134
料	28	0.030876219	4
狼	139	0.053248011	26
民	171	0.097131858	2
敗	144	0.060639417	26
距	135	0.032349382	43
州	164	0.106927331	2
環	43	0.04214346	18
衝	194	0.059362493	6
費	84	0.07244537	45
暗	31	0.064253611	44
吐	9	0.061831633	224
甫	180	0.057405076	4
俄	124	0.052271332	134
鐵	96	0.059873546	79
抗	127	0.049097254	221
蛋	75	0.059460219	38
華	191	0.051275695	88
印	134	0.045409412	9
圍	9	0.056597142	224
兵	155	0.065825794	11
堂	10	0.05499175	67
吋	9	0.052021758	224
失	161	0.06939162	18
餐	105	0.067252701	24
遲	126	0.06391932	70
軟	88	0.041974161	27
勢	3	0.070273231	20
平	21	0.068671351	5
減	125	0.050042228	171
緊	128	0.040963915	91
穩	59	0.046414227	32
朵	33	0.063337374	136
乏	148	0.038324267	8
測	125	0.05126766	171
告	9	0.053479877	224
灰	39	0.047116244	64
永	125	0.048772872	171
炒	39	0.079695078	64
主	147	0.079392841	4
購	84	0.055621073	45
冊	156	0.059732642	4
周	9	0.050376807	224
哩	9	0.06561421	224
碼	58	0.048801282	38
查	33	0.04486555	136
娶	13	0.055371378	59
猶	139	0.070958486	26
繳	128	0.052059189	91
司	9	0.048386931	224
十	5	0.074296874	11
價	124	0.048852741	134
林	33	0.051181546	136
臨	69	0.04469464	3
返	126	0.073819713	70
父	173	0.068652938	4
嘿	9	0.080563463	224
滴	125	0.065666932	171
結	128	0.04724762	91
調	80	0.04859704	80
勿	158	0.043862319	6
肩	122	0.069423235	75
烤	39	0.068958	64
逃	126	0.070553466	70
餘	105	0.039199837	24
復	24	0.068896922	21
糧	61	0.075265971	18
捉	127	0.064811727	221
鴨	112	0.056067115	22
軍	88	0.053082686	27
驚	108	0.065830542	25
尤	16	0.041388236	2
顯	103	0.044983677	32
薄	191	0.050394111	88
枝	33	0.06262983	136
輪	88	0.057421238	27
瘦	141	0.064706346	31
足	135	0.056574677	43
奇	161	0.05357539	18
微	24	0.061163142	21
絕	128	0.047850837	91
率	178	1	1
竹	185	0.048424205	54
異	51	0.040610516	21
懷	133	0.057666798	109
哼	9	0.089810073	224
搬	127	0.082518135	221
趨	86	0.063899449	10
矮	57	0.065665536	6
君	9	0.052064296	224
姐	13	0.078971521	59
溪	125	0.061279978	171
福	136	0.078726888	21
夾	161	0.042447751	18
裏	140	0.070726515	33
布	20	0.061439201	21
瓷	49	0.038913703	5
禪	136	0.07339357	21
捐	127	0.0568858	221
繞	128	0.05830431	91
尾	17	0.058023828	23
熟	39	0.065669053	64
幕	20	0.068071422	21
逾	126	0.055380349	70
揚	127	0.057599715	221
噴	9	0.048664579	224
刺	131	0.075700544	45
恐	133	0.050247972	109
沙	125	0.059226394	171
粗	61	0.063624173	18
厚	8	0.037009787	7
卷	134	0.042649058	9
埋	10	0.062877978	67
降	129	0.049744825	46
抵	127	0.053312155	221
公	155	0.067954206	11
形	137	0.074508956	4
聚	67	0.071773354	16
附	129	0.049005493	46
爛	39	0.063238389	64
搖	127	0.089026987	221
拆	127	0.049708911	221
切	131	0.048520785	45
循	24	0.04130921	21
糖	61	0.064833183	18
巷	165	0.055785488	4
制	131	0.042959216	45
冰	143	0.077238539	9
冒	156	0.073118553	4
示	136	0.055331232	21
尺	17	0.048593325	23
員	9	0.048050665	224
牽	138	0.035950958	13
泡	125	0.06092012	171
廳	132	0.042090267	24
濃	125	0.057519161	171
伴	124	0.058802331	134
跌	135	0.043123285	43
役	24	0.062523149	21
聊	67	0.067341236	16
笨	185	0.053556142	54
囉	9	0.074255055	224
宮	162	0.058601966	42
歐	34	0.063345255	13
認	80	0.066049781	80
商	9	0.045451446	224
散	144	0.067230125	26
甜	71	0.127724556	3
青	98	0.04221893	4
劇	131	0.041526788	45
盛	182	0.045425784	15
畝	51	0.040648687	21
鐘	96	0.064455935	79
畔	51	0.043030309	21
職	67	0.0505542	16
折	127	0.053141998	221
握	127	0.082781207	221
湯	125	0.048959842	171
矣	57	0.061332076	6
粒	61	0.095805502	18
徵	24	0.045879109	21
售	9	0.048786082	224
緣	128	0.047535223	91
臭	188	0.046757978	2
墨	10	0.039045086	67
脫	122	0.042543633	75
避	126	0.06090587	70
疼	141	0.072012611	31
蟲	75	0.075008492	38
伊	124	0.04767488	134
攻	144	0.060170445	26
牌	41	0.084778378	3
殼	45	0.056026354	8
淡	125	0.050400059	171
摔	127	0.085855612	221
逛	126	0.062433643	70
靜	98	0.045273037	4
閉	196	0.063813647	23
飄	104	0.074368153	6
運	126	0.056240121	70
婚	13	0.060906722	59
思	133	0.068061083	109
淺	125	0.058042799	171
工	19	0.065136596	6
糟	61	0.048565153	18
顧	103	0.052133502	32
智	31	0.04601253	44
寶	162	0.039460257	42
木	33	0.055469754	136
肝	122	0.05919141	75
尊	15	0.053916614	11
王	43	0.061281684	18
麼	207	0.117965861	2
砍	58	0.041260327	38
閃	196	0.060025777	23
石	58	0.043120375	38
踢	135	0.092518653	43
抬	127	0.0867596	221
移	59	0.047228044	32
齣	120	0.053841968	3
鋪	96	0.060853061	79
象	122	0.052096266	75
鋼	96	0.053774267	79
餅	105	0.04756812	24
捧	127	0.091690915	221
撞	127	0.070601552	221
慘	133	0.061672582	109
壯	11	0.051159194	4
掌	127	0.052465801	221
稅	59	0.058672813	32
露	197	0.051298764	18
醒	91	0.076971229	20
夫	161	0.03404687	18
擦	127	0.071581847	221
戒	25	0.038614861	12
譜	80	0.055771826	80
保	124	0.050543755	134
吾	9	0.047428931	224
味	9	0.04851676	224
六	155	0.07501429	11
匹	159	0.047475636	9
忽	133	0.05154194	109
鍋	96	0.047900256	79
功	3	0.082945392	20
衣	140	0.055581437	33
己	165	0.054645121	4
嫁	13	0.067732658	59
莫	191	0.051305104	88
盼	55	0.055884374	41
兒	153	0.051753946	14
製	140	0.055648592	33
射	15	0.051321037	11
妙	13	0.048768377	59
添	125	0.046464346	171
兩	154	0.051460186	4
瞪	55	0.122021513	41
髒	109	0.035887241	4
韓	101	0.046126363	2
塗	10	0.055873062	67
踩	135	0.082724253	43
株	33	0.07071061	136
患	133	0.050972664	109
鍵	96	0.04544468	79
染	33	0.046483449	136
曲	168	0.042370152	9
迎	126	0.062781564	70
識	80	0.055969338	80
百	53	0.0408422	7
幾	130	0.017293564	4
農	224	0.062571007	3
傘	124	0.045100581	134
綁	128	0.057797936	91
程	59	0.038142794	32
鎖	96	0.053490044	79
野	93	0.03701669	4
安	162	0.06437271	42
蒙	191	0.052302699	88
透	126	0.064288962	70
財	84	0.057185018	45
寸	15	0.048537956	11
錶	96	0.049528515	79
嘆	9	0.069820811	224
呵	9	0.073494491	224
置	186	0.060843789	13
帳	20	0.039780367	21
琴	43	0.047289289	18
箱	185	0.052645631	54
備	124	0.054096256	134
遷	126	0.060413164	70
忍	133	0.069866903	109
兄	153	0.051653191	14
呎	9	0.044191888	224
宗	162	0.050953797	42
賠	84	0.063143782	45
怒	133	0.053680296	109
沾	125	0.06042263	171
撥	127	0.058333603	221
彎	23	0.062681664	16
義	63	0.07084605	9
雄	97	0.079465324	18
撐	127	0.080967583	221
巧	19	0.083838115	6
酸	91	0.08768746	20
罪	186	0.069656127	13
醫	91	0.042976586	20
鬥	203	0.055165126	2
築	185	0.047252736	54
嚴	9	0.0554386	224
填	10	0.055796374	67
毀	45	0.094587861	8
妹	13	0.059105383	59
壺	11	0.043691748	4
巢	217	1	1
闢	196	0.056870344	23
斜	28	0.033457021	4
席	20	0.060618139	21
探	127	0.067412864	221
祇	136	0.06205976	21
助	3	0.050241904	20
淚	125	0.053450011	171
玉	43	0.049370787	18
服	32	0.080486873	9
樁	33	0.051484252	136
奉	161	0.072659798	18
抹	127	0.06391573	221
醉	91	0.071670073	20
桶	33	0.054429833	136
乖	148	0.092012526	8
肥	122	0.057142047	75
冠	157	0.010436724	2
鬆	202	0.045691287	9
靈	197	0.047571188	18
滅	125	0.061526474	171
迷	126	0.061843068	70
哥	9	0.06698856	224
挨	127	0.066320403	221
銅	96	0.062875125	79
棄	33	0.048527959	136
私	59	0.050974945	32
齊	213	0.073797743	2
鹽	113	0.057157397	3
汗	125	0.06082228	171
箭	185	0.04766687	54
伸	124	0.049720889	134
罰	186	0.072071886	13
頻	103	0.05602179	32
格	33	0.048821937	136
精	61	0.041794627	18
痣	141	0.06149577	31
捲	127	0.066623039	221
消	125	0.054092402	171
滑	125	0.062406993	171
操	127	0.055052026	221
池	125	0.058017546	171
串	146	0.03299773	2
拔	127	0.070183632	221
洽	125	0.048068186	171
賽	84	0.050065744	45
喲	9	0.073188158	224
症	141	0.067742227	31
塞	10	0.062169519	67
貪	84	0.061334541	45
喂	9	0.081021026	224
濕	125	0.069052002	171
軸	88	0.052648597	27
閒	196	0.054701768	23
呆	9	0.050668178	224
兇	153	0.056607568	14
寒	162	0.053776572	42
霧	197	0.060229662	18
喘	9	0.056492916	224
塔	10	0.048472064	67
涼	125	0.066167532	171
弦	23	0.052253518	16
友	7	0.038126939	9
烈	39	0.04850287	64
井	151	0.058610024	7
牙	175	1	1
披	127	0.069858412	221
摘	127	0.055017807	221
剪	131	0.04591388	45
七	145	0.048059983	12
容	162	0.05446626	42
鏈	96	0.044688508	79
飽	105	0.071155552	24
祝	136	0.058183272	21
肺	122	0.052482493	75
托	127	0.048254608	221
盯	55	0.088211272	41
客	162	0.050339502	42
敲	144	0.076364595	26
怨	133	0.065179339	109
嚼	9	0.063096684	224
士	11	0.046122471	4
截	25	0.060635101	12
賜	84	0.050681842	45
互	151	0.067883378	7
耐	65	0.007410069	3
賊	84	0.046057821	45
禁	136	0.048113378	21
額	103	0.04971033	32
煩	39	0.053176004	64
擋	127	0.065221836	221
欠	34	0.064608931	13
巨	19	0.058732075	6
撿	127	0.072156736	221
險	129	0.036854167	46
惹	133	0.056004677	109
餵	105	0.069216029	24
繫	128	0.056276715	91
窄	184	0.050486911	17
拒	127	0.047239218	221
橫	33	0.049757424	136
准	143	0.044642204	9
拳	127	0.053054434	221
悶	133	0.057481894	109
揮	127	0.064498026	221
雌	97	0.082795034	18
續	128	0.049722239	91
撲	127	0.075267982	221
唷	9	0.069350445	224
術	194	0.044651249	6
桿	33	0.047317026	136
屢	17	0.036465092	23
掃	127	0.063368303	221
眉	55	0.059300608	41
吻	9	0.066280998	224
乎	148	0.047542424	8
敬	144	0.063603567	26
暫	31	0.051451014	44
碳	58	0.047156429	38
享	152	0.059018323	8
丈	145	0.033199285	12
辣	89	0.049084002	8
府	132	0.065227366	24
縱	128	0.043455814	91
攤	127	0.061868073	221
笙	185	0.055829493	54
儘	124	0.05245779	134
誤	80	0.038453425	80
蚊	75	0.050487837	38
盒	182	0.062504193	15
途	126	0.052777594	70
扇	26	0.05754088	6
護	80	0.047072246	80
盆	182	0.053068667	15
判	131	0.051466801	45
滾	125	0.052204276	171
輩	88	0.050684824	27
界	51	0.044622922	21
飲	105	0.071550322	24
賴	84	0.050430931	45
醜	91	0.070998654	20
捏	127	0.081553009	221
俟	124	0.047236593	134
浪	125	0.049348642	171
擇	127	0.048052764	221
噢	9	0.075692376	224
謀	80	0.056457524	80
扶	127	0.073619557	221
炸	39	0.074488409	64
罐	62	0.08950889	5
突	184	0.063364995	17
碎	58	0.057515933	38
稿	59	0.044398749	32
幸	21	0.017339568	5
簽	185	0.054001099	54
果	33	0.052477213	136
八	155	0.05442929	11
蝶	75	0.066525918	38
敵	144	0.056066355	26
徒	24	0.045044297	21
鹿	206	0.054043294	4
奔	161	0.066820369	18
柄	33	0.057109078	136
撒	127	0.059246554	221
腎	122	0.060434886	75
尖	163	0.093574134	4
焉	39	0.046286548	64
尿	17	0.056894511	23
聘	67	0.061233566	16
割	131	0.062726278	45
墓	10	0.059750211	67
積	59	0.043944085	32
旗	123	0.03283927	8
鞋	100	0.036620615	10
核	33	0.04890987	136
忠	133	0.056212889	109
決	125	0.049210468	171
蹲	135	0.080469439	43
禍	136	0.050710888	21
密	162	0.059721336	42
幼	130	0.037338501	4
執	10	0.043055054	67
鷹	112	0.070304771	22
咦	9	0.073445494	224
扣	127	0.061257614	221
駕	108	0.059556317	25
煤	39	0.040043327	64
爹	173	0.122320793	4
砸	58	0.050464465	38
逐	126	0.053339798	70
銀	96	0.061646649	79
劃	131	0.044492941	45
爽	174	0.046766649	3
陸	129	0.052733129	46
擁	127	0.054246417	221
仗	124	0.048662259	134
盞	182	0.036555011	15
興	189	0.063387418	6
湊	125	0.054921754	171
廢	132	0.044668354	24
扯	127	0.058023532	221
腹	122	0.07255317	75
麵	115	0.026619259	3
磚	58	0.054260637	38
鈣	96	0.059521705	79
影	137	0.074596991	4
仙	124	0.050809782	134
貧	84	0.054348164	45
討	80	0.050552935	80
呼	9	0.0612494	224
預	103	0.050807894	32
仁	124	0.048702347	134
唇	9	0.051699597	224
疊	51	0.047388867	21
縮	128	0.053595059	91
閏	196	0.039232696	23
磨	58	0.050218713	38
坡	10	0.056032032	67
議	80	0.061998719	80
催	124	0.050595922	134
睜	55	0.086203461	41
傻	124	0.056232131	134
俱	124	0.059000705	134
寺	15	0.053780636	11
堵	10	0.044858916	67
奶	13	0.045833639	59
責	84	0.044883205	45
骨	109	0.023541572	4
翹	64	0.048824942	10
吊	9	0.050445904	224
災	39	0.060230137	64
渡	125	0.048437327	171
扛	127	0.082090133	221
衰	140	0.04993164	33
目	182	0.055102858	15
鏡	96	0.035872235	79
捨	127	0.044788712	221
愁	133	0.047540901	109
鼓	211	1	1
籤	185	0.052052091	54
攝	127	0.04479367	221
狀	139	0.060781385	26
晃	31	0.061552816	44
謎	80	0.049213251	80
闖	196	0.055701746	23
泥	125	0.058791847	171
漆	125	0.04670782	171
索	128	0.049366943	91
賭	84	0.055563606	45
眠	55	0.046454446	41
悲	133	0.053414329	109
黏	116	1	1
鑽	96	0.059541026	79
灑	125	0.059628105	171
刷	131	0.05832174	45
柱	33	0.055245515	136
奪	161	0.046014066	18
諳	80	0.04651203	80
嚐	9	0.054035743	224
雜	97	0.033538784	18
灌	125	0.058864929	171
拼	127	0.064184678	221
厝	8	0.027766129	7
九	149	0.044783108	7
辭	89	0.065015694	8
陽	129	0.040791076	46
彼	24	0.07098435	21
標	33	0.045685615	136
卵	134	0.050945983	9
擅	127	0.047977912	221
躍	135	0.065463311	43
施	123	0.048893684	8
啥	9	0.054305433	224
虧	192	0.031850503	6
浮	125	0.058968309	171
恰	133	0.046871051	109
剝	131	0.070609776	45
跪	135	0.057049151	43
憂	133	0.052434398	109
擔	127	0.046633791	221
縫	128	0.051187747	91
揹	127	0.077755746	221
磅	58	0.045677149	38
序	132	0.049651097	24
臻	70	0.065093175	4
猴	139	0.064005386	26
鄰	129	0.04574249	46
亡	152	0.057148734	8
誠	80	0.052715857	80
趴	135	0.068883495	43
鹹	113	0.027574548	3
釘	96	0.06219831	79
鵝	112	0.059412628	22
逝	126	0.042542083	70
澡	125	0.052173444	171
爐	39	0.053917503	64
咱	9	0.057520343	224
偶	124	0.048475687	134
器	9	0.043969714	224
警	80	0.058580351	80
虛	192	0.054864957	6
莖	191	0.054528716	88
證	80	0.052853702	80
品	9	0.051457133	224
謝	80	0.053089059	80
抄	127	0.06467483	221
劫	3	0.047969017	20
歪	35	0.046648016	10
菸	191	0.045855178	88
謹	80	0.044305474	80
沉	125	0.053776383	171
罷	186	0.059686494	13
仿	124	0.048896641	134
蝦	75	0.068195668	38
欄	33	0.048899933	136
貂	94	0.034104714	5
播	127	0.045236219	221
板	33	0.051704599	136
娘	13	0.059658973	59
癒	141	0.075586639	31
政	144	0.049113097	26
擱	127	0.069336641	221
嬸	13	0.052015059	59
贈	84	0.058345091	45
仰	124	0.053483554	134
紫	128	0.045954249	91
熬	39	0.065528923	64
澳	125	0.048538093	171
拋	127	0.058033143	221
臥	69	0.026747378	3
慣	133	0.046681259	109
裹	140	0.066044989	33
導	15	0.05946423	11
錄	96	0.047374709	79
懸	133	0.057007769	109
柴	33	0.051324106	136
適	126	0.053344831	70
怎	133	0.052748569	109
窩	184	0.045570655	17
陷	129	0.039768862	46
鮮	111	0.040931951	13
驗	108	0.052180199	25
豈	223	0.026813559	5
織	128	0.053567936	91
究	184	0.063782431	17
效	144	0.065169303	26
癮	141	0.05463517	31
秀	59	0.064620686	32
鉛	96	0.058587631	79
觸	79	0.063869337	4
嗨	9	0.074118667	224
袋	140	0.052710343	33
婦	13	0.071907432	59
墳	10	0.052018807	67
瓦	49	0.032138393	5
肚	122	0.058991917	75
獅	139	0.061706167	26
震	197	0.05258073	18
挾	127	0.060692184	221
漏	125	0.05898749	171
棋	33	0.050274097	136
陰	129	0.047171247	46
審	162	0.048797245	42
魔	110	0.10947333	5
嘍	9	0.073423321	224
窯	184	0.063329518	17
託	80	0.050964972	80
瞞	55	0.079865551	41
彩	137	0.083894849	4
汁	125	0.067331897	171
營	39	0.048403051	64
麻	207	0.117965861	2
狂	139	0.054175199	26
緩	128	0.047850624	91
潮	125	0.050429259	171
狠	139	0.053883468	26
鳴	112	0.046536843	22
嚷	9	0.071987591	224
哄	9	0.066628116	224
沖	125	0.065333276	171
晴	31	0.051778937	44
乍	148	0.064421835	8
炮	39	0.056552854	64
哉	9	0.044719308	224
雕	97	0.06017796	18
僧	124	0.044782805	134
息	133	0.061243102	109
溫	125	0.052260539	171
畢	51	0.052134499	21
陡	129	0.049017465	46
鼠	118	0.011732103	2
旺	31	0.058896864	44
燙	39	0.071940223	64
署	186	0.039582125	13
妝	13	0.059646815	59
賤	84	0.05916437	45
虞	192	0.063901945	6
鳳	112	0.035908045	22
蹟	135	0.055341675	43
辨	89	0.081709864	8
豐	223	0.034427588	5
庭	132	0.059686203	24
覆	195	0.081212976	4
訴	80	0.047656072	80
映	31	0.046634987	44
鼻	212	1	1
志	133	0.057940897	109
劑	131	0.049203011	45
逕	126	0.048360169	70
吶	9	0.056588933	224
維	128	0.04896709	91
延	142	0.147699369	2
資	84	0.050817778	45
膽	122	0.051796666	75
京	152	0.040340811	8
掩	127	0.056321429	221
枯	33	0.053596053	136
胎	122	0.044866311	75
歇	34	0.054115157	13
勁	3	0.03468884	20
恤	133	0.040280605	109
榜	33	0.048231225	136
束	33	0.051578455	136
姊	13	0.061152272	59
擊	127	0.06157455	221
逗	126	0.049478064	70
暖	31	0.045261332	44
堪	10	0.047413657	67
薪	191	0.048519826	88
勤	3	0.044253595	20
吼	9	0.063186356	224
帥	20	0.047379577	21
窺	184	0.046479336	17
埠	10	0.052166979	67
銷	96	0.051009762	79
梨	33	0.053726812	136
鉅	96	0.048932271	79
慧	133	0.054514466	109
豆	223	0.013764419	5
聖	67	0.046838405	16
堅	10	0.043141819	67
閩	196	0.023524555	23
弟	23	0.041658008	16
策	185	0.043926564	54
勞	3	0.053475026	20
澆	125	0.060815968	171
啟	144	0.054595696	26
夥	12	0.04255012	6
伏	124	0.049501997	134
嘗	9	0.051316193	224
膝	122	0.054467249	75
習	64	0.050902529	10
殿	45	0.04212938	8
斯	29	0.033842301	7
翅	64	0.075236415	10
拚	127	0.052377963	221
鈴	96	0.046757598	79
糞	61	0.051562191	18
帽	20	0.044045431	21
壁	10	0.062153407	67
砰	58	0.038877658	38
耍	65	0.017042129	3
狐	139	0.062919692	26
耗	66	0.061834181	4
舟	72	0.065262057	10
譯	80	0.052628222	80
饒	105	0.06765616	24
纏	128	0.056529318	91
頸	103	0.04340534	32
宰	162	0.056672558	42
疑	52	0.034923461	2
曬	31	0.056773155	44
獻	139	0.04485843	26
襯	140	0.07174757	33
揉	127	0.061520394	221
懶	133	0.051156003	109
攜	127	0.052740386	221
押	127	0.062754201	221
舌	216	0.049440964	5
盲	55	0.050653743	41
危	134	0.04335076	9
釉	92	0.034254002	3
臂	122	0.054101092	75
酷	91	0.060112565	20
昇	31	0.054441022	44
栽	33	0.04513371	136
祭	136	0.058167649	21
腔	122	0.049112931	75
益	182	0.047558674	15
扔	127	0.07899942	221
淨	125	0.047166547	171
休	124	0.058743309	134
仇	124	0.044687045	134
坑	10	0.058798622	67
枕	33	0.051844634	136
溝	125	0.049668024	171
棚	33	0.046908976	136
孔	14	0.049823606	12
吞	9	0.061664545	224
繪	128	0.057743215	91
粉	61	0.054249944	18
峰	18	0.057132672	17
弊	221	0.054965024	3
詳	80	0.048522396	80
叉	7	0.055024001	9
煎	39	0.055507875	64
悟	133	0.057317121	109
源	125	0.048283017	171
拐	127	0.052520019	221
勾	158	0.023405235	6
素	128	0.043758136	91
陶	129	0.05144195	46
翼	64	0.058479581	10
溜	125	0.060354921	171
俾	124	0.0553473	134
亞	151	0.083034861	7
貫	84	0.057047087	45
勇	3	0.069891749	20
燉	39	0.059921222	64
髮	202	0.06406398	9
葬	191	0.059801396	88
谷	222	1	1
遮	126	0.052703573	70
階	129	0.042578656	46
呃	9	0.067138736	224
牢	138	0.0563819	13
甩	180	0.069515121	4
瘤	141	0.053974931	31
撈	127	0.054562001	221
涉	125	0.049406467	171
腫	122	0.053552568	75
唔	9	0.059403928	224
矛	56	0.016106169	2
溯	125	0.045146744	171
籠	185	0.047534369	54
慌	133	0.062860858	109
覓	78	0.056669511	9
舖	216	0.035050414	5
稀	59	0.064016857	32
評	80	0.052102912	80
扎	127	0.062198515	221
充	153	0.027623435	14
筍	185	0.042401984	54
礦	58	0.051675011	38
良	73	0.030880168	2
松	33	0.045065111	136
獵	139	0.044472642	26
阮	129	0.053388222	46
蟬	75	0.064441593	38
孝	14	0.039638944	12
脈	122	0.054971735	75
嫩	13	0.040079942	59
樑	33	0.050736252	136
拾	127	0.058943805	221
姑	13	0.045310201	59
憤	133	0.05009654	109
豎	223	0.028867619	5
襲	140	0.043910728	33
甲	51	0.049469005	21
符	185	0.041485488	54
扮	127	0.048741032	221
肖	122	0.052840398	75
攀	127	0.055346988	221
渴	125	0.060702248	171
固	9	0.045408625	224
殘	36	0.056649056	10
嗜	9	0.04650208	224
墊	10	0.046070941	67
辯	89	0.072924759	8
砲	58	0.048501171	38
驢	108	0.043762796	25
旋	123	0.025169813	8
摻	127	0.054047715	221
隱	129	0.047387604	46
授	127	0.048587461	221
健	124	0.044185901	134
敷	144	0.03982034	26
攔	127	0.062362654	221
韻	102	0.101352136	3
兌	153	0.041421128	14
颳	104	0.087908261	6
輯	88	0.053333544	27
癢	141	0.081966425	31
魂	110	0.0732208	5
灘	125	0.062847269	171
戀	133	0.060114504	109
淋	125	0.061315809	171
灶	39	0.059334008	64
瘋	141	0.04755027	31
湧	125	0.04667095	171
屍	17	0.065878427	23
犬	139	0.051170246	26
祂	136	0.053327465	21
柔	33	0.05007715	136
遞	126	0.048023573	70
簡	185	0.042708292	54
倘	124	0.049076871	134
哀	9	0.049127334	224
飾	105	0.04666033	24
掘	127	0.047393924	221
雛	97	0.060095333	18
困	9	0.04115344	224
叢	7	0.044672294	9
構	33	0.052366177	136
植	33	0.053997703	136
尉	15	0.054589638	11
優	124	0.051265813	134
察	162	0.055503922	42
鎘	96	0.057074332	79
摟	127	0.07769756	221
孰	14	0.036417146	12
委	13	0.053620367	59
錫	96	0.053065884	79
俗	124	0.044567435	134
傾	124	0.051302811	134
奏	161	0.050103298	18
臣	69	0.042035426	3
汝	125	0.050604106	171
洋	125	0.051041157	171
材	33	0.054865515	136
瀕	125	0.045063191	171
櫃	33	0.047974538	136
啼	9	0.054858446	224
眩	55	0.050071843	41
獸	139	0.05577489	26
旱	31	0.055397942	44
抖	127	0.071406848	221
孤	14	0.036642714	12
獄	139	0.041590118	26
倚	124	0.056705191	134
控	127	0.050599393	221
脹	122	0.051679958	75
忌	133	0.042804943	109
缸	62	0.07190046	5
泛	125	0.048571587	171
醋	91	0.067890123	20
砂	58	0.047870849	38
恥	133	0.062736796	109
龜	215	1	1
釣	96	0.047684566	79
祖	136	0.060073385	21
擲	127	0.053408234	221
承	127	0.042265161	221
耕	66	0.052957703	4
促	124	0.041177468	134
疏	52	0.034923461	2
鶴	112	0.066819289	22
拎	127	0.081848218	221
澎	125	0.042443456	171
弓	23	0.048545233	16
眨	55	0.079762502	41
兔	153	0.040696577	14
揍	127	0.063759817	221
征	24	0.057036342	21
畏	51	0.060304588	21
愣	133	0.055969936	109
揀	127	0.050737325	221
振	127	0.058261866	221
溼	125	0.052630351	171
扭	127	0.085875882	221
咕	9	0.060733185	224
啪	9	0.060513673	224
誘	80	0.043284305	80
氧	172	0.078578996	7
毋	169	0.036907326	5
瓜	48	0.050618306	4
艦	72	0.088502374	10
竊	184	0.051160279	17
召	9	0.043778045	224
統	128	0.047689065	91
慾	133	0.063036927	109
齒	120	0.061714875	3
漁	125	0.048472892	171
裂	140	0.048852773	33
刮	131	0.051767642	45
攏	127	0.053503563	221
塵	10	0.045800671	67
膩	122	0.049806761	75
咳	9	0.052322079	224
盾	55	0.060067306	41
惜	133	0.051960051	109
概	33	0.047997195	136
偽	124	0.041734495	134
撰	127	0.046198189	221
噹	9	0.05358973	224
兮	155	0.036810904	11
育	122	0.046171145	75
蛹	75	0.05328857	38
懼	133	0.054886851	109
臀	122	0.059319996	75
鴿	112	0.055110897	22
刪	131	0.05029323	45
籃	185	0.059800965	54
銜	96	0.046571268	79
潑	125	0.05231699	171
鑲	96	0.062465892	79
寡	162	0.044785392	42
暈	31	0.056850989	44
繁	128	0.052954544	91
歡	34	0.057279846	13
皺	54	0.045175083	3
酬	91	0.054869758	20
掙	127	0.064428209	221
桃	33	0.050472772	136
墜	10	0.053397148	67
漢	125	0.04480567	171
貌	94	0.057271148	5
訓	80	0.045566485	80
凍	143	0.077613941	9
釋	92	0.048753636	3
罩	186	0.031691396	13
籍	185	0.04451954	54
融	75	0.046171551	38
昏	31	0.058986137	44
速	126	0.054574251	70
庫	132	0.049696415	24
熄	39	0.053805279	64
搓	127	0.065180647	221
框	33	0.047350227	136
貶	84	0.043579378	45
兜	153	0.05649028	14
函	220	0.046108894	5
喪	9	0.047044442	224
焦	39	0.052426875	64
梳	33	0.053178789	136
崖	18	0.063500827	17
憾	133	0.064791324	109
羽	64	0.043089579	10
基	10	0.049979632	67
峽	18	0.076426938	17
洲	125	0.054374584	171
卸	134	0.035097045	9
叔	7	0.056041836	9
厭	8	0.058199693	7
違	126	0.052784594	70
齡	120	0.073694435	3
脆	122	0.054403135	75
粥	61	0.078374355	18
債	124	0.049862645	134
羞	63	0.04534382	9
鋅	96	0.067677349	79
詢	80	0.047457086	80
顫	103	0.060628199	32
絞	128	0.054143476	91
驅	108	0.054718194	25
鋁	96	0.056938525	79
藝	191	0.050210798	88
豹	94	0.07332085	5
斬	29	0.063272073	7
咧	9	0.062912715	224
削	131	0.061422555	45
怔	133	0.052200095	109
悔	133	0.060812374	109
斑	167	0.038832078	3
恭	133	0.051009556	109
巴	165	0.055264782	4
凶	220	0.079751672	5
椅	33	0.052705516	136
瞇	55	0.085166949	41
軌	88	0.053890442	27
祗	136	0.045140277	21
瞄	55	0.08284337	41
覽	78	0.074615377	9
武	35	0.047662377	10
頃	103	0.043647101	32
侵	124	0.048400204	134
匙	4	0.057022719	3
喫	9	0.054263147	224
頒	103	0.031949433	32
暴	31	0.043314898	44
跡	135	0.039292962	43
碑	58	0.04965533	38
醃	91	0.0497068	20
梯	33	0.047737339	136
粘	61	0.060671264	18
蓮	191	0.052633992	88
垂	10	0.049962034	67
喉	9	0.058446706	224
嬌	13	0.054514552	59
檢	33	0.046886825	136
欺	34	0.04215662	13
蒸	191	0.052587443	88
苗	191	0.047694569	88
瞋	55	0.052814788	41
蜜	75	0.05298335	38
宅	162	0.050973839	42
霜	197	0.061952783	18
恩	133	0.055486369	109
研	58	0.052841155	38
蔥	191	0.059339424	88
啃	9	0.058656807	224
撤	127	0.049331955	221
邦	129	0.055178728	46
秤	59	0.050272682	32
絃	128	0.05365752	91
浸	125	0.06381679	171
紐	128	0.04387882	91
荷	191	0.047810733	88
霸	197	0.039577667	18
楞	33	0.046458961	136
杖	33	0.055217624	136
碟	58	0.055552613	38
搜	127	0.054980633	221
咒	9	0.053772589	224
睹	55	0.061062039	41
壘	10	0.052644	67
濫	125	0.044838997	171
芽	191	0.054575096	88
恕	133	0.05514978	109
亟	151	0.063938606	7
否	9	0.047676752	224
拄	127	0.053695975	221
償	124	0.048696682	134
扁	26	0.053573034	6
殊	36	0.05268674	10
鑿	96	0.047060679	79
棺	33	0.05268856	136
箇	185	0.052755188	54
參	160	0.004520501	2
繭	128	0.05176078	91
姿	13	0.055955894	59
鈾	96	0.04547458	79
洩	125	0.055776057	171
沈	125	0.056603704	171
拌	127	0.058500606	221
誌	80	0.049530673	80
喚	9	0.053492458	224
糊	61	0.063944089	18
瘡	141	0.074714603	31
納	128	0.042191135	91
蹺	135	0.05708198	43
悉	133	0.056313162	109
搏	127	0.050348751	221
燃	39	0.063588097	64
溶	125	0.061228611	171
訊	80	0.049728596	80
甘	71	0.093191577	3
腋	122	0.061989894	75
柳	33	0.054849976	136
傍	124	0.052676306	134
膚	122	0.048695838	75
稠	59	0.042161705	32
雅	97	0.045794152	18
蠟	75	0.049782612	38
紋	128	0.050105676	91
挫	127	0.051540649	221
陳	129	0.042893944	46
恆	133	0.057268041	109
炭	39	0.051048018	64
賓	84	0.038629211	45
注	125	0.060702771	171
遙	126	0.051083739	70
務	3	0.042324764	20
澀	125	0.048734163	171
梅	33	0.050958582	136
吉	9	0.046246574	224
醬	91	0.053727622	20
邪	129	0.036845387	46
戳	25	0.047642927	12
迫	126	0.044971551	70
伐	124	0.044728853	134
損	127	0.047893883	221
俏	124	0.053406392	134
狹	139	0.05542446	26
潔	125	0.048332326	171
泉	125	0.052789141	171
筋	185	0.055832233	54
幀	20	0.062083148	21
濺	125	0.064314802	171
町	51	0.042151974	21
超	86	0.069505904	10
闊	196	0.044161927	23
誓	80	0.047723094	80
荒	191	0.050303296	88
寧	162	0.055837652	42
博	5	0.031145449	11
蒼	191	0.049084586	88
疾	141	0.041338004	31
壽	11	0.027348836	4
刑	131	0.051736792	45
痰	141	0.046206617	31
菲	191	0.043650077	88
癡	141	0.048422899	31
憶	133	0.043138547	109
域	10	0.052010502	67
嗆	9	0.051182268	224
棉	33	0.045381547	136
菌	191	0.046852794	88
肢	122	0.046119855	75
塑	10	0.05294281	67
蠱	75	0.048342323	38
畜	51	0.052534328	21
爪	40	0.073655006	5
煉	39	0.055909616	64
蟹	75	0.073711205	38
劈	131	0.046804446	45
雷	197	0.039242707	18
瑟	43	0.046838655	18
瞎	55	0.06043982	41
咻	9	0.053397733	224
筒	185	0.047955191	54
擾	127	0.045667663	221
吟	9	0.047089464	224
腮	122	0.060901145	75
腸	122	0.060772341	75
盜	182	0.054973506	15
燕	39	0.056952067	64
賢	84	0.050193787	45
氮	172	0.091463915	7
雇	97	0.063962116	18
撇	127	0.060468242	221
趣	86	0.035883137	10
籌	185	0.05003152	54
嚥	9	0.058880092	224
閑	196	0.045245707	23
殆	36	0.057070856	10
脢	122	0.046445636	75
淹	125	0.056571545	171
蹦	135	0.066420918	43
卜	6	0.06252574	4
繡	128	0.057507201	91
普	31	0.052432377	44
髓	109	0.04121	4
舔	216	0.075718755	5
淫	125	0.050617824	171
惠	133	0.041505873	109
競	60	0.056460793	8
瞥	55	0.051137426	41
轟	88	0.037700712	27
嶺	18	0.05450109	17
凸	220	0.073213242	5
砌	58	0.051770477	38
叮	9	0.059890224	224
甭	180	0.094241505	4
軋	88	0.059858787	27
斗	28	0.03573547	4
鎚	96	0.054122606	79
轎	88	0.071400478	27
嘶	9	0.060278827	224
嗚	9	0.06201467	224
掏	127	0.05394691	221
逆	126	0.044717843	70
儲	124	0.046907639	134
屎	17	0.04859949	23
愚	133	0.060176346	109
窘	184	0.062360748	17
雀	97	0.057238721	18
礁	58	0.046687815	38
慎	133	0.044193361	109
航	72	0.064903646	10
撫	127	0.054546561	221
牧	138	0.038367348	13
壩	10	0.04946271	67
跤	135	0.046522897	43
轄	88	0.05177249	27
腐	122	0.051288808	75
饗	105	0.043807012	24
卦	6	0.037090751	4
餌	105	0.048626832	24
帆	20	0.052051111	21
碘	58	0.052141894	38
佈	124	0.0433197	134
叩	9	0.052115807	224
寂	162	0.050986679	42
橙	33	0.044909802	136
蚌	75	0.042972117	38
雁	97	0.06108477	18
紮	128	0.053508391	91
鎊	96	0.053774262	79
斧	29	0.054001464	7
蜂	75	0.048807356	38
溢	125	0.046398045	171
瓣	48	0.029857554	4
疤	141	0.05811464	31
鉤	96	0.05134594	79
漂	125	0.057666322	171
棕	33	0.042489393	136
竄	184	0.039338033	17
歎	34	0.051453521	13
亭	152	0.06435935	8
堤	10	0.056821807	67
廿	221	0.033713569	3
泰	125	0.0518301	171
挽	127	0.069486434	221
嵌	18	0.039146251	17
川	164	0.106927331	2
虹	75	0.04842488	38
宿	162	0.048324622	42
扳	127	0.067125989	221
慮	133	0.049434581	109
繩	128	0.04853269	91
蠶	75	0.050943862	38
塌	10	0.052858166	67
汪	125	0.051475311	171
旨	31	0.056484041	44
傑	124	0.044804771	134
緬	128	0.048235888	91
棍	33	0.049250423	136
簧	185	0.043402447	54
蹤	135	0.055599686	43
冤	157	0.010436724	2
倦	124	0.052605962	134
鑼	96	0.050118333	79
腕	122	0.063696159	75
蓄	191	0.043855164	88
蛙	75	0.056015916	38
驟	108	0.039757948	25
誇	80	0.054794128	80
竿	185	0.049840516	54
酥	91	0.055398684	20
閱	196	0.040998457	23
遣	126	0.053567384	70
焚	39	0.048039834	64
滬	125	0.0474898	171
匪	159	0.04838466	9
搥	127	0.053493082	221
煞	39	0.053182719	64
掀	127	0.058005792	221
舒	216	0.038846063	5
袍	140	0.081615675	33
妾	13	0.066869846	59
曉	31	0.05155004	44
址	10	0.044222162	67
飼	105	0.049727336	24
賬	84	0.044305085	45
咚	9	0.050244257	224
敝	144	0.056646926	26
諒	80	0.050842017	80
禿	59	0.038681207	32
潛	125	0.060668906	171
枉	33	0.047076668	136
鈍	96	0.049194956	79
囊	9	0.045043398	224
罕	186	0.066551266	13
僵	124	0.051391365	134
膜	122	0.052936708	75
崩	18	0.038596919	17
隸	197	0.04451866	18
鹼	113	0.060547543	3
干	21	0.064209304	5
濾	125	0.050160359	171
皇	53	0.072495488	7
幽	130	0.040592557	4
悅	133	0.053218294	109
淌	125	0.05901521	171
爆	39	0.04280924	64
埔	10	0.043109743	67
斥	29	0.04588042	7
鑄	96	0.048145803	79
坊	10	0.042096737	67
鎳	96	0.051405985	79
慈	133	0.055312132	109
磬	58	0.050752405	38
噯	9	0.068524874	224
唧	9	0.055098967	224
騰	108	0.046704398	25
劣	3	0.05304285	20
誼	80	0.061436461	80
乳	149	0.058306521	7
腥	122	0.048696009	75
棗	33	0.051047265	136
縷	128	0.052086744	91
顱	103	0.04325669	32
鷸	112	0.039207648	22
綴	128	0.064174233	91
舀	189	0.056086655	6
技	127	0.048755864	221
櫻	33	0.052411401	136
捆	127	0.055457768	221
囚	9	0.041346256	224
屁	17	0.054499792	23
援	127	0.047895312	221
廉	132	0.041809316	24
艷	74	0.259135259	2
簫	185	0.040483561	54
幻	130	0.027792786	4
偕	124	0.050349235	134
搗	127	0.059317226	221
擄	127	0.046968478	221
囗	9	0.047848464	224
褪	140	0.071059389	33
疲	141	0.040086883	31
抒	127	0.051808072	221
威	13	0.054235348	59
炊	39	0.049952664	64
候	124	0.051119758	134
估	124	0.050464187	134
逮	126	0.054892243	70
遜	126	0.045377981	70
濁	125	0.047159048	171
嘉	9	0.042371072	224
鋒	96	0.049681712	79
搔	127	0.057535891	221
饑	105	0.057732726	24
攬	127	0.049404738	221
壇	10	0.050505247	67
渠	125	0.047784774	171
蹄	135	0.059020869	43
邁	126	0.058974166	70
儒	124	0.046550432	134
仕	124	0.045245276	134
騷	108	0.046929654	25
革	100	0.034762632	10
潭	125	0.055731922	171
玄	176	1	1
鬚	202	0.040813318	9
儉	124	0.054490651	134
監	182	0.042247565	15
寵	162	0.051764571	42
匯	159	0.050202151	9
紗	128	0.051643821	91
拂	127	0.047704721	221
克	153	0.049156443	14
券	131	0.049244248	45
蜀	75	0.050850736	38
薰	191	0.057927412	88
撕	127	0.051811854	221
聰	67	0.051996683	16
讚	80	0.045625994	80
瀉	125	0.053597496	171
紛	128	0.047705722	91
倉	124	0.045870418	134
併	124	0.04757119	134
慶	133	0.048233719	109
喻	9	0.054990449	224
鞭	100	0.042620735	10
浴	125	0.046663565	171
弧	23	0.062435666	16
卅	5	0.056212476	11
垮	10	0.047045386	67
艙	72	0.058626651	10
楓	33	0.046070395	136
寓	162	0.045880977	42
崇	18	0.030201786	17
漫	125	0.050264872	171
灣	125	0.052123501	171
蹬	135	0.06055953	43
規	78	0.069968508	9
羹	63	0.055238857	9
籐	185	0.053728213	54
莊	191	0.044898574	88
葷	191	0.053749975	88
舅	189	0.061835409	6
烘	39	0.070874216	64
磷	58	0.046560415	38
宴	162	0.051990635	42
丘	145	0.045159466	12
欣	34	0.04088294	13
瞅	55	0.088872427	41
液	125	0.060012776	171
阿	129	0.046275736	46
裸	140	0.049635151	33
徑	24	0.038124425	21
仔	124	0.046995665	134
蔽	191	0.044878967	88
岔	18	0.051821701	17
堡	10	0.05549938	67
遵	126	0.037858792	70
譽	80	0.06367101	80
糗	61	0.057998638	18
卒	5	0.052976831	11
夜	12	0.069824032	6
俺	124	0.04823611	134
逞	126	0.041121762	70
販	84	0.048903523	45
珠	43	0.053607241	18
奧	161	0.047119821	18
稻	59	0.058113123	32
娛	13	0.050238485	59
酣	91	0.063412463	20
盪	182	0.033022398	15
聾	67	0.082906967	16
踹	135	0.081744675	43
泊	125	0.048983762	171
嗅	9	0.055668222	224
蝕	75	0.039751499	38
鈕	96	0.046967576	79
誦	80	0.04637225	80
麥	115	0.030016934	3
茂	191	0.050055675	88
穴	184	0.048183075	17
賦	84	0.058124488	45
攪	127	0.058833829	221
抑	127	0.050299865	221
撮	127	0.04774342	221
憲	133	0.051564785	109
幌	20	0.044261848	21
奈	161	0.069444786	18
濟	125	0.049237657	171
希	20	0.047256294	21
廋	132	0.050058044	24
頰	103	0.043527661	32
粵	61	0.049829	18
蹈	135	0.045063025	43
蠢	75	0.054634223	38
鍍	96	0.045362733	79
扒	127	0.050941294	221
揪	127	0.062602552	221
嘰	9	0.045694602	224
滯	125	0.046215934	171
廊	132	0.04886411	24
罹	186	0.037781391	13
噗	9	0.053496712	224
允	153	0.046067121	14
笛	185	0.059648286	54
馳	108	0.057215139	25
驕	108	0.061664756	25
睏	55	0.072235224	41
蒜	191	0.054319122	88
激	125	0.046028432	171
酌	91	0.036080141	20
妃	13	0.050565905	59
嘻	9	0.067408559	224
隅	129	0.052261108	46
潤	125	0.040838375	171
嘸	9	0.057089526	224
篆	185	0.041645588	54
赤	85	0.029780726	3
隆	129	0.051923191	46
蒞	191	0.05355094	88
婆	13	0.039036322	59
惑	133	0.053176415	109
鑰	96	0.039225247	79
鏟	96	0.05665746	79
嘟	9	0.051981133	224
菊	191	0.057608362	88
邑	129	0.052495866	46
俯	124	0.053393744	134
廚	132	0.057493693	24
蘭	191	0.056532505	88
呷	9	0.056136982	224
御	24	0.050549344	21
蘸	191	0.066591767	88
倫	124	0.045998329	134
鱗	111	0.047352139	13
毫	37	0.131869738	2
揭	127	0.047371367	221
蘄	191	0.050917746	88
嗐	9	0.054497457	224
啜	9	0.054098709	224
郵	129	0.04775803	46
鈷	96	0.056970445	79
鬢	202	0.061826498	9
鈉	96	0.056976788	79
漿	125	0.044136563	171
恃	133	0.057877819	109
瓢	48	0.063783344	4
噙	9	0.052463153	224
愧	133	0.054768311	109
贖	84	0.055267059	45
盅	182	0.061996935	15
篤	185	0.049505596	54
態	133	0.048503432	109
刃	131	0.050723637	45
瞟	55	0.077426171	41
烏	39	0.051848995	64
戟	25	0.047252633	12
寨	162	0.041641796	42
伙	124	0.048758461	134
曝	31	0.053736537	44
叨	9	0.050047841	224
隙	129	0.048317046	46
殷	45	0.043886882	8
貸	84	0.066524682	45
胯	122	0.059215664	75
氫	172	0.077407066	7
介	124	0.045425948	134
胡	122	0.048998015	75
缽	62	0.040772774	5
穀	59	0.054688625	32
妨	13	0.053277563	59
楚	33	0.048353602	136
阻	129	0.050511222	46
屈	17	0.045787459	23
污	125	0.049660625	171
謊	80	0.062850903	80
凹	220	0.066092968	5
萬	191	0.052163433	88
猝	139	0.051534828	26
盈	182	0.043303142	15
拭	127	0.062512796	221
嗔	9	0.051530805	224
嗑	9	0.047869079	224
鋸	96	0.054615662	79
鞠	100	0.055552672	10
鉀	96	0.059450027	79
縛	128	0.052296109	91
颼	104	0.033008051	6
毆	45	0.065907894	8
駁	108	0.051637885	25
絹	128	0.05725594	91
熾	39	0.050642142	64
迭	126	0.045014136	70
卑	5	0.052284362	11
迨	126	0.049909973	70
暢	31	0.044316916	44
摳	127	0.0561418	221
履	17	0.052703353	23
刨	131	0.045883869	45
豔	223	0.02099169	5
涎	125	0.054993657	171
楷	33	0.056785143	136
嘎	9	0.052979909	224
犁	138	0.047979306	13
廈	132	0.062461138	24
蛾	75	0.04843692	38
蘊	191	0.055313943	88
殃	36	0.056374586	10
叭	9	0.055239348	224
踱	135	0.076491663	43
奴	13	0.044696438	59
嗤	9	0.058024963	224
椿	33	0.04957936	136
烙	39	0.05611946	64
穗	59	0.044531235	32
袖	140	0.059450408	33
叼	9	0.056651478	224
啄	9	0.055141939	224
契	161	0.04703754	18
醣	91	0.042972597	20
拈	127	0.048124707	221
嫖	13	0.04096261	59
奸	13	0.050821897	59
彰	137	0.027656068	4
矩	57	0.049898553	6
輔	88	0.054610568	27
捶	127	0.052872384	221
瘉	141	0.061475307	31
厲	8	0.05926418	7
嘖	9	0.059108229	224
暇	31	0.050369781	44
襪	140	0.052348839	33
默	117	0.033152212	7
嗶	9	0.048477165	224
摀	127	0.057901187	221
胚	122	0.054594416	75
謗	80	0.050111269	80
捺	127	0.05167322	221
訣	80	0.042450851	80
辱	224	0.058999263	3
衛	194	0.072597269	6
餡	105	0.051863979	24
証	80	0.046744376	80
朕	32	0.050244624	9
跩	135	0.052499616	43
筐	185	0.067368	54
鉻	96	0.057166918	79
祈	136	0.056328626	21
軀	87	0.044731122	5
嘔	9	0.049502837	224
鼎	210	1	1
鯤	111	0.062216173	13
稜	59	0.041459322	32
憋	133	0.052861952	109
顏	103	0.048511521	32
郡	129	0.062359006	46
鞘	100	0.040273812	10
燻	39	0.060186579	64
昭	31	0.045779613	44
屏	17	0.039541509	23
躬	87	0.051076382	5
詠	80	0.052749029	80
籽	61	0.069998283	18
協	5	0.041514658	11
汽	125	0.048612557	171
凝	143	0.083228977	9
捂	127	0.071477736	221
拴	127	0.050096471	221
肘	122	0.051232418	75
擴	127	0.048764001	221
綜	128	0.048680945	91
絮	128	0.046344672	91
挪	127	0.049512103	221
律	24	0.047378304	21
梟	33	0.050550695	136
闔	196	0.043554241	23
杏	33	0.053008958	136
甕	49	0.037421741	5
坤	10	0.051231656	67
碧	58	0.059108661	38
齋	213	0.073797743	2
鎗	96	0.047510078	79
撩	127	0.060606443	221
杵	33	0.050248043	136
薑	191	0.047015121	88
哲	9	0.045706243	224
燥	39	0.063611811	64
僑	124	0.04462998	134
喀	9	0.056608293	224
詐	80	0.048358591	80
憐	133	0.059995639	109
滷	125	0.050579213	171
奢	161	0.052502558	18
掬	127	0.051637648	221
螺	75	0.05486229	38
坯	10	0.0532609	67
懺	133	0.056537889	109
蓬	191	0.053094312	88
葛	191	0.064054045	88
嫉	13	0.051321684	59
千	5	0.05692385	11
宣	162	0.039202685	42
孵	14	0.049177084	12
汰	125	0.05159962	171
酉	91	0.054740185	20
墮	10	0.042919309	67
泳	125	0.050960834	171
誒	80	0.048363294	80
眷	55	0.044202901	41
簍	185	0.050149498	54
剁	131	0.053367573	45
簿	185	0.048455056	54
柏	33	0.05279915	136
霞	197	0.082492424	18
頌	103	0.048843629	32
蠅	75	0.053305837	38
媳	13	0.045133269	59
丹	147	0.061921492	4
椎	33	0.053993629	136
禦	136	0.073311393	21
揣	127	0.065981656	221
譏	80	0.053004154	80
喏	9	0.056592998	224
鞍	100	0.063985035	10
遺	126	0.046887755	70
佩	124	0.047232323	134
宵	162	0.043863194	42
硫	58	0.053536045	38
湄	125	0.053683108	171
脣	122	0.062148803	75
呱	9	0.05013972	224
篙	185	0.053559527	54
匣	159	0.041464487	9
駛	108	0.045861256	25
唾	9	0.051629642	224
陵	129	0.055882888	46
烹	39	0.05181924	64
閨	196	0.05120321	23
裙	140	0.056601575	33
輒	88	0.053255439	27
鶯	112	0.047476272	22
冀	155	0.03458774	11
鑒	96	0.052109744	79
釀	91	0.060139215	20
磁	58	0.045693335	38
嫂	13	0.050174147	59
苔	191	0.054002953	88
犢	138	0.045712569	13
鯨	111	0.047213442	13
爿	46	0.080626272	2
赦	85	0.017809416	3
吠	9	0.051989537	224
嬰	13	0.049565932	59
妄	13	0.053122756	59
蕩	191	0.047089829	88
醇	91	0.083810161	20
昂	31	0.062676102	44
蟻	75	0.044320059	38
蔭	191	0.070045598	88
膠	122	0.052697759	75
鋰	96	0.050473163	79
嘩	9	0.057096739	224
晾	31	0.045929087	44
脾	122	0.062761796	75
賄	84	0.04398437	45
呸	9	0.063303097	224
扼	127	0.046357331	221
敘	144	0.044152964	26
靶	100	0.056264365	10
捷	127	0.046381343	221
渾	125	0.049474703	171
竭	60	0.062008462	8
沁	125	0.052759822	171
摺	127	0.048706197	221
揩	127	0.0584298	221
跛	135	0.081539729	43
蕊	191	0.051247142	88
斃	144	0.054651234	26
逸	126	0.055427661	70
綱	128	0.046670175	91
紀	128	0.054015759	91
裱	140	0.055011093	33
珍	43	0.04984587	18
黔	117	0.035271759	7
汞	125	0.043431933	171
痕	141	0.049412452	31
捱	127	0.044310529	221
拙	127	0.047078655	221
桀	33	0.053457436	136
霉	197	0.055112722	18
仞	124	0.058369649	134
浙	125	0.050008862	171
卿	134	0.036973794	9
喧	9	0.058665961	224
碩	58	0.041022367	38
偎	124	0.052636058	134
郎	129	0.054946546	46
襟	140	0.054587167	33
耽	67	0.05187114	16
紓	128	0.049205147	91
噪	9	0.047302441	224
枳	33	0.047643752	136
榻	33	0.056800438	136
磕	58	0.045261722	38
遼	126	0.0444533	70
幣	20	0.053730347	21
紡	128	0.046411216	91
羌	63	0.054480598	9
秉	59	0.036438945	32
佐	124	0.044436159	134
繃	128	0.054840959	91
牡	138	0.077464782	13
蹭	135	0.042350342	43
僱	124	0.047743379	134
淵	125	0.04416975	171
惱	133	0.046544038	109
螯	75	0.054975577	38
茵	191	0.048436491	88
兆	153	0.042958474	14
倡	124	0.043256329	134
鑑	96	0.051816526	79
囑	9	0.044805639	224
銬	96	0.050048524	79
泣	125	0.051789605	171
掠	127	0.049829807	221
傲	124	0.047019248	134
馱	108	0.055683088	25
衫	140	0.068846869	33
津	125	0.047453597	171
吱	9	0.053712194	224
弔	23	0.045509244	16
陋	129	0.054690611	46
辛	89	0.055349832	8
鸝	112	0.064999639	22
噎	9	0.060142844	224
纖	128	0.04951242	91
杉	33	0.050611222	136
迂	126	0.052352107	70
蓆	191	0.053515097	88
炙	39	0.053591229	64
括	127	0.049261771	221
捎	127	0.0415352	221
簇	185	0.055874474	54
騾	108	0.052372766	25
坦	10	0.052053434	67
啞	9	0.04591741	224
泓	125	0.050351731	171
嗡	9	0.056242738	224
粟	61	0.065500197	18
帖	20	0.040027078	21
屑	17	0.045834655	23
匈	158	0.026827842	6
勺	158	0.03845715	6
盃	182	0.058156267	15
銳	96	0.050967805	79
硯	58	0.041045853	38
寮	162	0.055974709	42
檻	33	0.049423418	136
屌	17	0.060884571	23
晶	31	0.048699429	44
綑	128	0.050084839	91
榮	33	0.046283425	136
贊	84	0.041345942	45
飢	105	0.057661826	24
砷	58	0.05713954	38
擰	127	0.069488764	221
矢	57	0.034691477	6
躁	135	0.048542596	43
嘯	9	0.058784626	224
顛	103	0.059290116	32
銘	96	0.043224047	79
褲	140	0.053533459	33
萌	191	0.056932381	88
噓	9	0.060333328	224
獐	139	0.052222546	26
擎	127	0.053942307	221
舵	72	0.051599643	10
剃	131	0.046804643	45
朋	32	0.033855919	9
魯	111	0.036605287	13
畦	51	0.05099224	21
艇	72	0.07542374	10
跺	135	0.08517025	43
妞	13	0.044929637	59
陝	129	0.046811296	46
婿	13	0.054807344	59
滲	125	0.05869159	171
遽	126	0.05444433	70
匾	159	0.045109954	9
綢	128	0.055218279	91
李	33	0.052043248	136
肌	122	0.053511186	75
諷	80	0.055486966	80
仄	124	0.046025669	134
熙	39	0.051545199	64
描	127	0.047525093	221
貝	84	0.057372066	45
褐	140	0.067082147	33
憨	133	0.053182164	109
擒	127	0.057425299	221
啣	9	0.056016338	224
塘	10	0.047835136	67
誣	80	0.048519295	80
脂	122	0.053110763	75
澇	125	0.044889688	171
饞	105	0.063123722	24
濱	125	0.051924228	171
歉	34	0.049179143	13
筷	185	0.04539125	54
吁	9	0.058652419	224
慨	133	0.048547069	109
閣	196	0.062384877	23
氏	171	0.097131858	2
翠	64	0.039413801	10
擤	127	0.050166621	221
焰	39	0.045866345	64
痠	141	0.05862233	31
捻	127	0.060437067	221
槽	33	0.046230418	136
腺	122	0.043792559	75
羨	63	0.03648263	9
鱉	111	0.04027941	13
剖	131	0.050951463	45
纔	128	0.051021707	91
貞	84	0.053736639	45
槳	33	0.057504192	136
勒	3	0.050165208	20
琢	43	0.061107217	18
彌	23	0.054241995	16
挎	127	0.058814084	221
邇	126	0.050289052	70
妥	13	0.057736077	59
簷	185	0.05312673	54
牝	138	0.098247437	13
凌	143	0.038144221	9
蕈	191	0.053822268	88
祛	136	0.047566705	21
睨	55	0.080833028	41
蛆	75	0.048016061	38
歿	36	0.053116278	10
棧	33	0.042522167	136
鰭	111	0.043524267	13
檯	33	0.049490401	136
顎	103	0.062192268	32
鶇	112	0.070866055	22
癱	141	0.046124267	31
淮	125	0.05140281	171
瑩	43	0.05174582	18
瘸	141	0.05751434	31
喙	9	0.05086687	224
噘	9	0.051464333	224
鴝	112	0.08148918	22
鼬	118	0.011732103	2
弗	23	0.049324931	16
爺	173	0.088306236	4
杳	33	0.052814913	136
漾	125	0.050841382	171
渣	125	0.051327221	171
醮	91	0.042053187	20
罔	186	0.061684526	13
唬	9	0.052451812	224
睛	55	0.065077317	41
雉	97	0.063292706	18
嚕	9	0.046678342	224
諭	80	0.040865276	80
靴	100	0.029014265	10
募	3	0.038128382	20
炎	39	0.043085771	64
典	155	0.045241165	11
臊	122	0.056584221	75
瞬	55	0.045746878	41
瘀	141	0.048999339	31
媚	13	0.048324293	59
嗲	9	0.057495362	224
攢	127	0.050369179	221
馴	108	0.044867518	25
祿	136	0.065873743	21
塚	10	0.042297802	67
剔	131	0.050179263	45
啐	9	0.047431224	224
肋	122	0.064331504	75
舷	72	0.083529105	10
嗓	9	0.048316707	224
侍	124	0.049647046	134
姦	13	0.057732522	59
孽	14	0.055510465	12
蟳	75	0.062161838	38
閂	196	0.058529152	23
寇	162	0.051948848	42
燦	39	0.055447325	64
零	197	0.034696982	18
燭	39	0.057380856	64
瞭	55	0.061695116	41
弘	23	0.052035911	16
障	129	0.046862445	46
靛	98	0.068334179	4
旬	31	0.051289091	44
巡	218	1	1
采	92	0.01687052	3
釵	96	0.050035034	79
摧	127	0.074811907	221
勉	3	0.051259579	20
爻	174	0.028018709	3
拗	127	0.05146464	221
鞣	100	0.053488157	10
熨	39	0.04890372	64
屜	17	0.046581303	23
噫	9	0.057567676	224
馭	108	0.044681868	25
龕	214	0.020561698	2
滇	125	0.050248932	171
樟	33	0.048333617	136
祠	136	0.051290562	21
漳	125	0.047309898	171
憎	133	0.046323096	109
搧	127	0.058435675	221
弒	22	0.048278234	3
剷	131	0.047174685	45
緝	128	0.049656611	91
勻	158	0.03494264	6
籲	185	0.039814335	54
糕	61	0.067050379	18
蛀	75	0.048127667	38
遏	126	0.047723525	70
讖	80	0.046325969	80
籮	185	0.057778675	54
璧	43	0.06102568	18
摹	127	0.046673891	221
亨	152	0.054945137	8
窟	184	0.066270504	17
妒	13	0.045456704	59
秧	59	0.04488809	32
噁	9	0.060098856	224
巾	20	0.043013672	21
迴	126	0.059319846	70
坎	10	0.047657923	67
盹	55	0.040813547	41
杜	33	0.050759837	136
狸	139	0.051346162	26
惰	133	0.076463326	109
瓠	48	0.038721784	4
拘	127	0.052402323	221
糠	61	0.070712299	18
葡	191	0.055398093	88
剮	131	0.062710422	45
溺	125	0.049260309	171
掐	127	0.062076231	221
厥	8	0.05284025	7
熏	39	0.058385806	64
鵲	112	0.057166219	22
褂	140	0.048942893	33
螫	75	0.053742197	38
膳	122	0.055156665	75
飆	104	0.037634187	6
哮	9	0.050224882	224
妖	13	0.055904656	59
鬃	202	0.049458848	9
稽	59	0.056672557	32
姨	13	0.053697476	59
桔	33	0.047562195	136
脅	122	0.052769885	75
苟	191	0.043674073	88
咯	9	0.045712518	224
膏	122	0.049861782	75
蕃	191	0.049288526	88
徙	24	0.035933654	21
鰓	111	0.061649249	13
妓	13	0.04967662	59
拱	127	0.055130023	221
晉	31	0.057805855	44
橘	33	0.050453225	136
咽	9	0.057894151	224
濘	125	0.056930875	171
盟	182	0.039027373	15
鳶	112	0.064805126	22
儆	124	0.041268045	134
診	80	0.049064122	80
凳	219	0.06695042	2
叱	9	0.049448826	224
侶	124	0.048760543	134
閹	196	0.044294672	23
諧	80	0.050645009	80
唏	9	0.063498174	224
漬	125	0.056259383	171
羶	63	0.057592161	9
模	33	0.050885339	136
廂	132	0.044592071	24
媒	13	0.049909963	59
培	10	0.050842364	67
鋤	96	0.052794204	79
攫	127	0.050454184	221
唄	9	0.046412051	224
踼	135	0.055922542	43
筊	185	0.057851422	54
琉	43	0.061032501	18
籬	185	0.04702114	54
刁	131	0.042232777	45
翁	64	0.031677509	10
妺	13	0.041352531	59
圳	10	0.050376567	67
鈞	96	0.048568611	79
邸	129	0.058267523	46
郭	129	0.056900679	46
畈	51	0.03478835	21
芒	191	0.049055671	88
荑	191	0.052578542	88
濡	125	0.054380095	171
唆	9	0.054472273	224
耙	66	0.261703887	4
靡	198	0.056963134	3
鯛	111	0.034687449	13
敏	144	0.07739805	26
嗄	9	0.052882734	224
瀝	125	0.050665307	171
孕	14	0.036373473	12
忖	133	0.045594223	109
矽	58	0.050097062	38
頹	103	0.047823806	32
箸	185	0.045579223	54
銫	96	0.046128443	79
悼	133	0.051155043	109
郊	129	0.042452336	46
闥	196	0.049553724	23
耀	64	0.046375436	10
釦	96	0.053136795	79
菇	191	0.053402787	88
鈔	96	0.058948897	79
隼	97	0.045677586	18
炫	39	0.048210486	64
鯊	111	0.038466552	13
纜	128	0.053303968	91
匝	159	0.047201918	9
駭	108	0.045547717	25
巫	19	0.058107186	6
燴	39	0.046997584	64
覃	195	0.052966003	4
悌	133	0.045449876	109
鴉	112	0.060641774	22
輿	88	0.054306524	27
攥	127	0.059074654	221
捋	127	0.059270138	221
爰	40	0.045977125	5
偈	124	0.046448687	134
諺	80	0.056195948	80
歹	36	0.067312921	10
鵬	112	0.061186711	22
析	33	0.041321326	136
踝	135	0.045627822	43
怯	133	0.041406545	109
潰	125	0.045525539	171
庸	132	0.047091303	24
絡	128	0.049218852	91
森	33	0.049262317	136
褒	140	0.04316096	33
豪	122	0.046103653	75
弛	23	0.046872475	16
哺	9	0.061026594	224
氟	172	0.189767041	7
蹩	135	0.043120889	43
爾	174	0.03032948	3
沂	125	0.051471365	171
遐	126	0.054619628	70
貿	84	0.046328132	45
驛	108	0.039291289	25
剜	131	0.047586708	45
茢	191	0.048341876	88
拽	127	0.053993478	221
伍	124	0.053031721	134
峻	18	0.055343053	17
尼	17	0.035883087	23
蒂	191	0.048567661	88
梁	33	0.048833752	136
婢	13	0.062879021	59
踮	135	0.067845125	43
緡	128	0.045874451	91
童	60	0.069933778	8
罟	186	0.063310317	13
舐	216	0.052766756	5
誡	80	0.043580652	80
茫	191	0.051022586	88
杭	33	0.04897223	136
掄	127	0.04790811	221
韌	101	0.046126363	2
繹	128	0.050099375	91
揠	127	0.049619233	221
鷲	112	0.051861754	22
輻	88	0.054280866	27
眊	55	0.059881361	41
慍	133	0.060636271	109
耨	66	0.256280892	4
奮	161	0.046982154	18
礙	58	0.050835998	38
嚎	9	0.053191738	224
棲	33	0.056933733	136
迅	126	0.049840929	70
頡	103	0.078299642	32
疚	141	0.044238988	31
央	161	0.051553457	18
巖	18	0.079537919	17
嘲	9	0.050661549	224
葦	191	0.061225837	88
氨	172	0.116428876	7
釐	93	0.042458025	4
綰	128	0.048233649	91
垢	10	0.05154581	67
宋	162	0.047719183	42
扉	26	0.078544537	6
庵	132	0.057374062	24
櫓	33	0.047335338	136
穢	59	0.047341521	32
摑	127	0.050488164	221
曳	168	0.048237104	9
茗	191	0.05047869	88
賃	84	0.049032341	45
鏽	96	0.04917669	79
倩	124	0.051872267	134
椽	33	0.049182694	136
簪	185	0.052813241	54
礫	58	0.0576542	38
凜	143	0.082835375	9
譬	80	0.056589002	80
苛	191	0.043009875	88
撣	127	0.056706457	221
鍬	96	0.058181772	79
馮	108	0.054619917	25
曠	31	0.046276389	44
癖	141	0.055575824	31
第	185	0.050439963	54
蠍	75	0.059988547	38
燜	39	0.057439311	64
斐	167	0.055943962	3
藐	191	0.045019553	88
娃	13	0.060986777	59
蠆	75	0.048272415	38
髻	202	0.047617045	9
掖	127	0.053664983	221
姪	13	0.040688558	59
蕭	191	0.050659592	88
襖	140	0.056947427	33
耆	187	0.093283274	4
艱	73	0.030880168	2
箏	185	0.047666265	54
吮	9	0.0516786	224
喳	9	0.05886682	224
峭	18	0.052932282	17
霹	197	0.039486555	18
烽	39	0.046653406	64
瑕	43	0.059599364	18
鸞	112	0.046207661	22
稟	59	0.049619356	32
遛	126	0.042150261	70
囤	9	0.053753814	224
訟	80	0.044398583	80
贛	84	0.049027222	45
墾	10	0.049435815	67
佇	124	0.046489654	134
蕉	191	0.045488415	88
鍾	96	0.047618732	79
頏	103	0.086289632	32
倆	124	0.049842978	134
倣	124	0.04723674	134
搽	127	0.053926331	221
梗	33	0.050688804	136
鵰	112	0.054226844	22
柿	33	0.044676025	136
俸	124	0.044037576	134
柑	33	0.049609962	136
錳	96	0.05723125	79
辟	89	0.051209655	8
裁	140	0.059037651	33
屠	17	0.058695177	23
趾	135	0.05267423	43
絆	128	0.053512457	91
脖	122	0.05895304	75
慚	133	0.056483701	109
肅	68	0.012317564	3
緞	128	0.045368611	91
軒	88	0.043891821	27
嬉	13	0.053337233	59
渺	125	0.051069757	171
唎	9	0.046646318	224
綿	128	0.047666816	91
殉	36	0.080921649	10
薊	191	0.057891665	88
鎂	96	0.066937597	79
摶	127	0.04206005	221
勘	3	0.029977367	20
莢	191	0.044703566	88
斟	28	0.036200442	4
餉	105	0.041098664	24
錘	96	0.053403558	79
禽	183	1	1
呶	9	0.051444147	224
榖	45	0.05386175	8
裔	140	0.050241153	33
瀑	125	0.054248234	171
氯	172	0.17317508	7
沐	125	0.046472274	171
癬	141	0.044284833	31
膺	122	0.041258989	75
曆	31	0.04335096	44
械	33	0.048001431	136
績	128	0.042844768	91
孩	14	0.038029399	12
冽	143	0.085260545	9
麈	206	0.090347152	4
煨	39	0.063569021	64
努	3	0.044607033	20
鬱	204	1	1
恍	133	0.051129552	109
戧	25	0.061412869	12
豺	94	0.072070984	5
篩	185	0.053982218	54
侄	124	0.052052569	134
簞	185	0.053055199	54
儂	124	0.054964565	134
搆	127	0.059886091	221
攙	127	0.06705767	221
藪	191	0.048101594	88
鬻	205	1	1
桴	33	0.045816094	136
鬍	202	0.047181634	9
聆	67	0.060211545	16
淘	125	0.051199843	171
犛	138	0.043550767	13
賀	84	0.043787586	45
痘	141	0.051906724	31
莠	191	0.056228412	88
薦	191	0.050822499	88
綏	128	0.053980745	91
輝	88	0.055662945	27
踰	135	0.047832891	43
辮	89	0.059300982	8
揖	127	0.058966848	221
猿	139	0.072430548	26
璽	43	0.061013253	18
毐	169	0.02139629	5
藻	191	0.047705652	88
褥	140	0.045888102	33
掂	127	0.064951865	221
卯	134	0.051569139	9
胰	122	0.048932899	75
伯	124	0.053284053	134
錦	96	0.041602771	79
饌	105	0.050377182	24
閘	196	0.036484697	23
賒	84	0.047033164	45
涸	125	0.051416822	171
膿	122	0.058191771	75
韁	100	0.071765794	10
侈	124	0.057194913	134
壑	10	0.041622042	67
赫	85	0.037318035	3
炕	39	0.048332288	64
輾	88	0.043040757	27
癟	141	0.050617174	31
丸	147	0.041468633	4
禾	59	0.056163126	32
颱	104	0.025262095	6
侯	124	0.05972171	134
肇	68	0.025567515	3
鶵	112	0.044836731	22
況	125	0.048914688	171
銖	96	0.046317681	79
囂	9	0.047442195	224
黛	117	0.043052907	7
萍	191	0.045188537	88
謠	80	0.047976799	80
杓	33	0.050975017	136
晦	31	0.061240189	44
寢	162	0.059290967	42
慰	133	0.050532742	109
佯	124	0.046813573	134
獃	139	0.038153404	26
哽	9	0.052771421	224
怠	133	0.047379511	109
鏘	96	0.048236088	79
鱷	111	0.040330175	13
眺	55	0.04981313	41
麴	115	0.010072895	3
敦	144	0.051776684	26
慷	133	0.051968437	109
皂	53	0.055549312	7
穫	59	0.051087659	32
鏢	96	0.040133286	79
弩	23	0.034213329	16
緒	128	0.047455025	91
鐐	96	0.047631872	79
鬣	202	0.067174643	9
悠	133	0.053539186	109
歧	35	0.041021926	10
羅	186	0.044779456	13
肱	122	0.04793801	75
袪	140	0.048588855	33
吭	9	0.04971121	224
騁	108	0.040881987	25
鍊	96	0.047699725	79
轡	88	0.03797909	27
恙	133	0.047007842	109
綹	128	0.05322431	91
闕	196	0.047112351	23
窖	184	0.051617097	17
匠	159	0.044148371	9
撬	127	0.055797332	221
槐	33	0.053081232	136
疆	51	0.041301411	21
瞻	55	0.047073329	41
皴	54	0.052870274	3
覷	78	0.045725875	9
崁	18	0.039108516	17
觥	79	0.013779217	4
輟	88	0.047606745	27
擂	127	0.043702112	221
攆	127	0.045114049	221
囿	9	0.050027932	224
栓	33	0.041118811	136
鬈	202	0.063402678	9
晏	31	0.054994415	44
掮	127	0.045547759	221
蹙	135	0.042574527	43
霑	197	0.041285467	18
錨	96	0.049414822	79
怡	133	0.047154423	109
螢	75	0.040425789	38
圭	10	0.047374151	67
羈	186	0.04898563	13
哂	9	0.045935207	224
衡	194	0.015548339	6
嗝	9	0.049851251	224
餒	105	0.055178593	24
臘	122	0.055432305	75
瘠	141	0.04972208	31
豫	122	0.045335667	75
魏	110	0.084247976	5
繚	128	0.057006645	91
榆	33	0.056443091	136
柚	33	0.049923762	136
絨	128	0.051420951	91
朗	32	0.047001851	9
撂	127	0.065278807	221
董	191	0.045716943	88
宇	162	0.047418781	42
詔	80	0.053173162	80
濤	125	0.046819703	171
蕾	191	0.049620775	88
昧	31	0.055024616	44
縐	128	0.04699017	91
湘	125	0.049346519	171
眛	55	0.062922428	41
翩	64	0.039443424	10
漱	125	0.049750874	171
殫	36	0.051646629	10
蕨	191	0.053231231	88
柩	33	0.046245758	136
跋	135	0.037453002	43
櫥	33	0.04496803	136
垛	10	0.04614561	67
殲	36	0.071727397	10
眸	55	0.041345206	41
嵐	18	0.0502538	17
渝	125	0.051941959	171
冕	156	0.03581886	4
蹼	135	0.043801553	43
麋	206	0.110447497	4
秘	59	0.066065069	32
屙	17	0.055906293	23
悖	133	0.04855521	109
唐	9	0.046705185	224
嗽	9	0.046315824	224
禱	136	0.046649194	21
蒔	191	0.046408353	88
姝	13	0.052521518	59
萃	191	0.049346246	88
乙	149	0.049582075	7
誅	80	0.057707304	80
鉗	96	0.039616139	79
敞	144	0.041235222	26
撼	127	0.041502062	221
魄	110	0.048338565	5
拓	127	0.0443393	221
慕	133	0.048834333	109
佃	124	0.046640037	134
卓	5	0.042400864	11
踅	135	0.055744566	43
僕	124	0.047449873	134
蛻	75	0.05144103	38
胺	122	0.051326331	75
甍	49	0.031590815	5
濛	125	0.053011459	171
蛤	75	0.057057985	38
嚙	9	0.052235983	224
佑	124	0.043948091	134
凱	219	0.06695042	2
蟑	75	0.058664988	38
踞	135	0.071508522	43
陌	129	0.052928668	46
緯	128	0.052057306	91
摜	127	0.046735133	221
什	124	0.049522734	134
桅	33	0.047057127	136
晤	31	0.054687725	44
縈	128	0.041597051	91
娼	13	0.043104561	59
憫	133	0.06070358	109
炷	39	0.052653591	64
垣	10	0.055072415	67
綻	128	0.060048097	91
榫	33	0.04327442	136
塢	10	0.044863345	67
聳	67	0.064427353	16
豕	122	0.046377886	75
苯	191	0.050915657	88
抿	127	0.05945511	221
爵	40	0.078985751	5
稼	59	0.04860715	32
吏	9	0.046530882	224
頷	103	0.054264608	32
鷺	112	0.061935695	22
弋	22	0.042723142	3
春	31	0.048206663	44
蝸	75	0.044776639	38
汲	125	0.067193663	171
咎	9	0.047636155	224
厘	8	0.031518494	7
汙	125	0.054769603	171
丑	145	0.048530602	12
怍	133	0.061489929	109
賑	84	0.058225682	45
搾	127	0.04586275	221
皖	53	0.057135851	7
楠	33	0.045319759	136
墬	10	0.0435197	67
摒	127	0.055044436	221
徽	24	0.041094802	21
捅	127	0.049904712	221
懇	133	0.042614684	109
摩	127	0.043917113	221
娜	13	0.047769973	59
炬	39	0.056388639	64
昌	31	0.049706669	44
餚	105	0.050720217	24
滋	125	0.04708126	171
療	141	0.038997263	31
乞	149	0.059365503	7
肆	68	0.023741725	3
閥	196	0.051287162	23
悍	133	0.043399455	109
喟	9	0.049817788	224
沏	125	0.047276755	171
朽	33	0.048552352	136
櫸	33	0.054830683	136
廁	132	0.04949761	24
貽	84	0.046196745	45
鐳	96	0.045839663	79
脛	122	0.045236726	75
矜	56	0.016106169	2
篡	185	0.05385727	54
豚	122	0.046998637	75
剌	131	0.046767361	45
鯉	111	0.036910174	13
靖	98	0.067501171	4
寐	162	0.050186615	42
燄	39	0.053499804	64
斂	144	0.04786347	26
麗	206	0.053514093	4
巔	18	0.054222041	17
剎	131	0.05352561	45
秩	59	0.040816122	32
噬	9	0.045467952	224
剋	131	0.038006921	45
凋	143	0.06892582	9
箍	185	0.057885809	54
胞	122	0.056883766	75
樽	33	0.052632069	136
罈	62	0.02709923	5
砵	58	0.043711106	38
澤	125	0.04523403	171
絀	128	0.048040824	91
篷	185	0.048873271	54
康	132	0.039037443	24
駝	108	0.045425638	25
穹	184	0.053421903	17
犀	138	0.050801362	13
懲	133	0.0473477	109
俊	124	0.04851241	134
梭	33	0.046096805	136
愉	133	0.048431391	109
彷	24	0.048419362	21
沽	125	0.054533753	171
黯	117	0.041579563	7
澹	125	0.054018647	171
茅	191	0.055065345	88
滌	125	0.047946836	171
戮	25	0.041019054	12
槌	33	0.046658912	136
紳	128	0.055485453	91
匿	159	0.039964725	9
企	124	0.052618063	134
趿	135	0.057398067	43
碴	58	0.048726431	38
忮	133	0.051040124	109
嗟	9	0.057736784	224
矇	55	0.055326753	41
膨	122	0.054437383	75
